#  AZAE970101
#  The single residue substitution matrix from interchanges of
#  spatially neighbouring residues (Azarya-Sprinzak et al., 1997)
#  PMID:9488136
#  Azarya-Sprinzak, E., Naor, D., Wolfson, H.J. and Nussinov, R.
#  Interchanges of spatially neighbouring residues in structurally conserved
#  environments.
#  Protein Engineering 10, 1109-1122 (1997)
#  rows = ARNDCQEGHILKMFPSTWYV, cols = ARNDCQEGHILKMFPSTWYV
    A   R   N   D   C   Q   E   G   H   I   L   K   M   F   P   S   T   W   Y   V   B   Z   X   *
A   6  -1  -1  -2   1  -2  -1   1  -3  -5  -3  -1  -1  -4  -1  -1  -3  -3  -3  -4  -1  -1  -1 -10
R  -1   7   4   6  -7   7   6  -2   1  -8  -6  10  -2  -6  -1   2   1  -3  -2  -8   5   6   0 -10
N  -1   4   7   7  -4   6   4   3   1  -8  -7   5  -3  -7   4   2   1  -4  -3  -8   7   5   0 -10
D  -2   6   7  13  -6   7   7   2   3 -10  -8   7  -6  -7   4   3   1  -4  -4  -9  10   7   0 -10
C   1  -7  -4  -6   8  -7  -6  -1  -3  -1  -1  -8  -2  -1  -2  -2  -4  -2  -2   0  -5  -7  -2 -10
Q  -2   7   6   7  -7  10   8  -2   2  -8  -7  11  -3  -7  -1   2   2  -3  -3  -8   6   9   0 -10
E  -1   6   4   7  -6   8   4  -1   1  -8  -6   8  -1  -6   1   2   0  -5  -2  -8   5   6   0 -10
G   1  -2   3   2  -1  -2  -1  12   2  -7  -7  -2  -3  -4   6   3  -1  -2  -3  -6   2  -1  -1 -10
H  -3   1   1   3  -3   2   1   2   2  -4  -4   0  -2  -2   1   0   1   0  -2  -4   2   1  -1 -10
I  -5  -8  -8 -10  -1  -8  -8  -7  -4   4   3  -9  -1   2 -10  -6  -4   1  -1   3  -9  -8  -4 -10
L  -3  -6  -7  -8  -1  -7  -6  -7  -4   3   3  -7   1   1  -8  -6  -5  -1  -2   1  -7  -6  -3 -10
K  -1  10   5   7  -8  11   8  -2   0  -9  -7  14  -4  -8   1   2   2  -6  -3 -10   6   9   0 -10
M  -1  -2  -3  -6  -2  -3  -1  -3  -2  -1   1  -4  -1  -1  -7  -4  -4  -1  -1  -2  -4  -2  -2 -10
F  -4  -6  -7  -7  -1  -7  -6  -4  -2   2   1  -8  -1   3  -5  -4  -4   1   0   1  -7  -6  -3 -10
P  -1  -1   4   4  -2  -1   1   6   1 -10  -8   1  -7  -5  27   2   1  -4  -4  -6   4   0   0 -10
S  -1   2   2   3  -2   2   2   3   0  -6  -6   2  -4  -4   2   3   1  -4  -2  -5   2   2  -1 -10
T  -3   1   1   1  -4   2   0  -1   1  -4  -5   2  -4  -4   1   1   4  -3  -2  -3   1   1  -1 -10
W  -3  -3  -4  -4  -2  -3  -5  -2   0   1  -1  -6  -1   1  -4  -4  -3   3  -1   1  -4  -4  -2 -10
Y  -3  -2  -3  -4  -2  -3  -2  -3  -2  -1  -2  -3  -1   0  -4  -2  -2  -1   1  -1  -4  -3  -2 -10
V  -4  -8  -8  -9   0  -8  -8  -6  -4   3   1 -10  -2   1  -6  -5  -3   1  -1   4  -8  -8  -4 -10
B  -1   5   7  10  -5   6   5   2   2  -9  -7   6  -4  -7   4   2   1  -4  -4  -8   8   6   0 -10
Z  -1   6   5   7  -7   9   6  -1   1  -8  -6   9  -2  -6   0   2   1  -4  -3  -8   6   7   0 -10
X  -1   0   0   0  -2   0   0  -1  -1  -4  -3   0  -2  -3   0  -1  -1  -2  -2  -4   0   0  -1 -10
* -10 -10 -10 -10 -10 -10 -10 -10 -10 -10 -10 -10 -10 -10 -10 -10 -10 -10 -10 -10 -10 -10 -10   1
