#  BENS940102
#  Log-odds scoring matrix collected in 22-29 PAM (Benner et al., 1994)
#  LIT:2023094 PMID:7700864
#  Benner, S.A., Cohen, M.A. and Gonnet, G.H.
#  Amino acid substitution during functionally constrained divergent
#  evolution of protein sequences
#  Protein Engineering 7, 1323-1332 (1994)
#  extrapolated to 250 PAM
#  rows = ARNDCQEGHILKMFPSTWYV, cols = ARNDCQEGHILKMFPSTWYV
    A   R   N   D   C   Q   E   G   H   I   L   K   M   F   P   S   T   W   Y   V   B   Z   X   *
A   4  -2   0   0  -2  -1   0   1  -2  -1  -3  -2  -1  -5   1   2   2  -9  -5   1   0  -1  -1 -10
R  -2   8   1  -2  -2   4   0  -1   2  -5  -5   6  -3  -7  -2  -1  -1  -2  -4  -5   0   2  -1 -10
N   0   1   5   4  -3   1   2   1   2  -4  -5   2  -4  -5  -2   2   1  -8  -2  -4   5   1  -1 -10
D   0  -2   4   8  -6   1   6   1   1  -6  -8   0  -6  -8  -3   0  -1 -10  -5  -5   6   4  -2 -10
C  -2  -2  -3  -6  20  -5  -7  -3  -2  -4  -4  -5  -4   0  -5   1  -2   1   1  -3  -4  -6  -2 -10
Q  -1   4   1   1  -5   7   3  -2   4  -4  -3   4  -3  -6   0  -1  -1  -5  -3  -4   1   5  -1 -10
E   0   0   2   6  -7   3   7   1   0  -6  -7   2  -5  -9  -3  -1  -1 -10  -6  -4   4   5  -2 -10
G   1  -1   1   1  -3  -2   1  10  -3  -6  -8  -2  -6  -9  -3   1  -1  -7  -8  -4   1  -1  -2 -10
H  -2   2   2   1  -2   4   0  -3  10  -5  -3   1  -4   1  -1  -1  -2  -4   6  -5   1   2   0 -10
I  -1  -5  -4  -6  -4  -4  -6  -6  -5   7   4  -5   5   1  -4  -2   1  -7  -3   6  -5  -5  -2 -10
L  -3  -5  -5  -8  -4  -3  -7  -8  -3   4   7  -5   5   4  -2  -3  -2  -3  -1   3  -7  -5  -2 -10
K  -2   6   2   0  -5   4   2  -2   1  -5  -5   7  -3  -8  -2  -1  -1  -6  -6  -4   1   3  -1 -10
M  -1  -3  -4  -6  -4  -3  -5  -6  -4   5   5  -3   8   1  -3  -2   0  -4  -3   4  -5  -4  -1 -10
F  -5  -7  -5  -8   0  -6  -9  -9   1   1   4  -8   1  12  -5  -3  -4   1   9   0  -7  -7  -2 -10
P   1  -2  -2  -3  -5   0  -3  -3  -1  -4  -2  -2  -3  -5  11   2   1  -9  -5  -3  -2  -1  -2 -10
S   2  -1   2   0   1  -1  -1   1  -1  -2  -3  -1  -2  -3   2   3   2  -6  -3  -1   1  -1  -1 -10
T   2  -1   1  -1  -2  -1  -1  -1  -2   1  -2  -1   0  -4   1   2   4  -7  -5   1   0  -1  -1 -10
W  -9  -2  -8 -10   1  -5 -10  -7  -4  -7  -3  -6  -4   1  -9  -6  -7  25   2  -7  -9  -8  -4 -10
Y  -5  -4  -2  -5   1  -3  -6  -8   6  -3  -1  -6  -3   9  -5  -3  -5   2  14  -4  -3  -5  -1 -10
V   1  -5  -4  -5  -3  -4  -4  -4  -5   6   3  -4   4   0  -3  -1   1  -7  -4   6  -4  -4  -2 -10
B   0   0   5   6  -4   1   4   1   1  -5  -7   1  -5  -7  -2   1   0  -9  -3  -4   5   3  -1 -10
Z  -1   2   1   4  -6   5   5  -1   2  -5  -5   3  -4  -7  -1  -1  -1  -8  -5  -4   3   5  -1 -10
X  -1  -1  -1  -2  -2  -1  -2  -2   0  -2  -2  -1  -1  -2  -2  -1  -1  -4  -1  -2  -1  -1  -2 -10
* -10 -10 -10 -10 -10 -10 -10 -10 -10 -10 -10 -10 -10 -10 -10 -10 -10 -10 -10 -10 -10 -10 -10   1
