#  BENS940103
#  Log-odds scoring matrix collected in 74-100 PAM (Benner et al., 1994)
#  LIT:2023094 PMID:7700864
#  Benner, S.A., Cohen, M.A. and Gonnet, G.H.
#  Amino acid substitution during functionally constrained divergent
#  evolution of protein sequences
#  Protein Engineering 7, 1323-1332 (1994)
#  extrapolated to 250 PAM
#  rows = ARNDCQEGHILKMFPSTWYV, cols = ARNDCQEGHILKMFPSTWYV
    A   R   N   D   C   Q   E   G   H   I   L   K   M   F   P   S   T   W   Y   V   B   Z   X   *
A   4  -2  -1  -1   0  -1   0   1  -2  -2  -3  -1  -2  -5   1   2   1  -7  -5   0  -1  -1  -1 -10
R  -2   8   0  -1  -4   3   0  -2   2  -5  -4   5  -3  -6  -2  -1  -1  -3  -4  -4   0   2  -1 -10
N  -1   0   6   4  -3   1   2   1   2  -5  -6   1  -4  -6  -2   1   1  -7  -3  -4   5   1  -1 -10
D  -1  -1   4   8  -6   1   5   0   1  -7  -8   1  -6  -9  -2   1  -1 -10  -5  -5   6   3  -2 -10
C   0  -4  -3  -6  21  -5  -6  -4  -2  -2  -3  -5  -2  -1  -6   0  -1  -2  -1  -1  -5  -5  -2 -10
Q  -1   3   1   1  -5   5   3  -2   2  -4  -3   3  -2  -5  -1   0   0  -5  -3  -3   1   4  -1 -10
E   0   0   2   5  -6   3   6  -1   0  -5  -6   2  -4  -8  -1   0  -1  -9  -6  -4   3   5  -2 -10
G   1  -2   1   0  -4  -2  -1  12  -3  -8  -8  -2  -6 -10  -3   1  -2  -7  -8  -6   0  -2  -3 -10
H  -2   2   2   1  -2   2   0  -3  11  -4  -4   1  -3   0  -2  -1  -1  -2   4  -4   1   1   0 -10
I  -2  -5  -5  -7  -2  -4  -5  -8  -4   7   5  -4   4   1  -5  -3  -1  -4  -2   6  -6  -5  -2 -10
L  -3  -4  -6  -8  -3  -3  -6  -8  -4   5   7  -4   5   4  -4  -4  -2  -2   0   3  -7  -4  -2 -10
K  -1   5   1   1  -5   3   2  -2   1  -4  -4   6  -3  -7  -2   0   0  -7  -4  -4   1   2  -1 -10
M  -2  -3  -4  -6  -2  -2  -4  -6  -3   4   5  -3   8   2  -4  -3  -1  -2  -1   3  -5  -3  -1 -10
F  -5  -6  -6  -9  -1  -5  -8 -10   0   1   4  -7   2  13  -7  -5  -4   5   9   0  -7  -6  -2 -10
P   1  -2  -2  -2  -6  -1  -1  -3  -2  -5  -4  -2  -4  -7  13   1   0  -9  -6  -4  -2  -1  -2 -10
S   2  -1   1   1   0   0   0   1  -1  -3  -4   0  -3  -5   1   4   2  -6  -4  -2   1   0  -1 -10
T   1  -1   1  -1  -1   0  -1  -2  -1  -1  -2   0  -1  -4   0   2   4  -7  -4   0   0   0  -1 -10
W  -7  -3  -7 -10  -2  -5  -9  -7  -2  -4  -2  -7  -2   5  -9  -6  -7  26   6  -5  -9  -7  -3 -10
Y  -5  -4  -3  -5  -1  -3  -6  -8   4  -2   0  -4  -1   9  -6  -4  -4   6  14  -3  -4  -4  -1 -10
V   0  -4  -4  -5  -1  -3  -4  -6  -4   6   3  -4   3   0  -4  -2   0  -5  -3   6  -5  -4  -2 -10
B  -1   0   5   6  -5   1   3   0   1  -6  -7   1  -5  -7  -2   1   0  -9  -4  -5   6   2  -2 -10
Z  -1   2   1   3  -5   4   5  -2   1  -5  -4   2  -3  -6  -1   0   0  -7  -4  -4   2   4  -1 -10
X  -1  -1  -1  -2  -2  -1  -2  -3   0  -2  -2  -1  -1  -2  -2  -1  -1  -3  -1  -2  -2  -1  -2 -10
* -10 -10 -10 -10 -10 -10 -10 -10 -10 -10 -10 -10 -10 -10 -10 -10 -10 -10 -10 -10 -10 -10 -10   1
