#  Matrix made by matblas from blosum80_3.iij
#  * column uses minimum score
#  BLOSUM Clustered Scoring Matrix in 1/3 Bit Units
#  Blocks Database = /data/blocks_5.0/blocks.dat
#  Cluster Percentage: >= 80
#  Entropy =   0.9868, Expected =  -0.7442
    A   R   N   D   C   Q   E   G   H   I   L   K   M   F   P   S   T   W   Y   V   B   Z   X   *
A   9  -2  -2  -2   0  -1  -1   1  -2  -2  -2   0  -1  -4   0   3   1  -5  -4   0  -2  -1  -1  -8
R  -2  11   0  -2  -6   2   0  -4   1  -5  -4   4  -2  -5  -2  -1  -1  -5  -4  -4  -1   1  -1  -8
N  -2   0  11   3  -5   1   0   0   2  -6  -6   1  -4  -6  -4   2   1  -7  -4  -5   7   0  -1  -8
D  -2  -2   3  12  -7   0   3  -2  -1  -7  -7  -1  -6  -6  -2   0  -1  -8  -6  -6   8   2  -2  -8
C   0  -6  -5  -7  16  -5  -7  -6  -7  -1  -2  -6  -2  -4  -6  -1  -1  -5  -5  -1  -6  -6  -3  -8
Q  -1   2   1   0  -5  11   4  -4   2  -5  -4   3   0  -5  -2   0   0  -4  -2  -4   0   8  -1  -8
E  -1   0   0   3  -7   4  10  -4   1  -6  -6   2  -4  -6  -1   0  -1  -6  -5  -4   2   7  -1  -8
G   1  -4   0  -2  -6  -4  -4  11  -4  -7  -7  -2  -5  -6  -5   0  -2  -6  -6  -6  -1  -4  -3  -8
H  -2   1   2  -1  -7   2   1  -4  15  -6  -5   0  -4  -1  -4  -1  -2  -4   4  -5   0   2  -1  -8
I  -2  -5  -6  -7  -1  -5  -6  -7  -6   9   3  -5   3   0  -5  -4  -1  -5  -2   6  -6  -5  -2  -8
L  -2  -4  -6  -7  -2  -4  -6  -7  -5   3   8  -4   4   1  -5  -4  -2  -4  -1   2  -6  -5  -2  -8
K   0   4   1  -1  -6   3   2  -2   0  -5  -4  10  -2  -5  -1   0   0  -6  -4  -4   0   3  -1  -8
M  -1  -2  -4  -6  -2   0  -4  -5  -4   3   4  -2  11   1  -4  -2   0  -2  -2   2  -5  -2  -1  -8
F  -4  -5  -6  -6  -4  -5  -6  -6  -1   0   1  -5   1  12  -6  -4  -4   1   6  -1  -6  -5  -2  -8
P   0  -2  -4  -2  -6  -2  -1  -5  -4  -5  -5  -1  -4  -6  15  -1  -2  -7  -6  -4  -3  -2  -3  -8
S   3  -1   2   0  -1   0   0   0  -1  -4  -4   0  -2  -4  -1   9   3  -6  -2  -2   1   0  -1  -8
T   1  -1   1  -1  -1   0  -1  -2  -2  -1  -2   0   0  -4  -2   3  10  -5  -2   1   0  -1  -1  -8
W  -5  -5  -7  -8  -5  -4  -6  -6  -4  -5  -4  -6  -2   1  -7  -6  -5  19   4  -5  -7  -5  -3  -8
Y  -4  -4  -4  -6  -5  -2  -5  -6   4  -2  -1  -4  -2   6  -6  -2  -2   4  13  -2  -5  -4  -1  -8
V   0  -4  -5  -6  -1  -4  -4  -6  -5   6   2  -4   2  -1  -4  -2   1  -5  -2   9  -5  -4  -2  -8
B  -2  -1   7   8  -6   0   2  -1   0  -6  -6   0  -5  -6  -3   1   0  -7  -5  -5   7   1  -2  -8
Z  -1   1   0   2  -6   8   7  -4   2  -5  -5   3  -2  -5  -2   0  -1  -5  -4  -4   1   7  -1  -8
X  -1  -1  -1  -2  -3  -1  -1  -3  -1  -2  -2  -1  -1  -2  -3  -1  -1  -3  -1  -2  -2  -1  -2  -8
*  -8  -8  -8  -8  -8  -8  -8  -8  -8  -8  -8  -8  -8  -8  -8  -8  -8  -8  -8  -8  -8  -8  -8   1
