#  Matrix made by matblas from blosum70.iij
#  * column uses minimum score
#  BLOSUM Clustered Scoring Matrix in 1/2 Bit Units
#  Blocks Database = /data/blocks_5.0/blocks.dat
#  Cluster Percentage: >= 70
#  Entropy =   0.8391, Expected =  -0.6313
    A   R   N   D   C   Q   E   G   H   I   L   K   M   F   P   S   T   W   Y   V   B   Z   X   *
A   8  -3  -3  -3  -1  -1  -1   1  -3  -3  -3  -1  -1  -3  -1   3   1  -5  -3   1  -3  -1  -1  -8
R  -3  11  -1  -3  -6   3   1  -5   1  -5  -5   4  -3  -5  -3  -1  -1  -5  -3  -5  -2   2  -2  -8
N  -3  -1  11   3  -5   1   1  -1   1  -6  -6   1  -3  -5  -3   1   1  -6  -3  -5   7   1  -1  -8
D  -3  -3   3  11  -6  -1   3  -3  -1  -6  -6  -1  -5  -6  -3   1  -1  -8  -6  -6   7   1  -2  -8
C  -1  -6  -5  -6  17  -5  -6  -5  -6  -1  -3  -6  -3  -3  -5  -1  -1  -5  -5  -1  -5  -5  -3  -8
Q  -1   3   1  -1  -5  11   4  -3   3  -5  -3   3   1  -5  -3   1  -1  -3  -3  -3   0   8   0  -8
E  -1   1   1   3  -6   4  10  -3   1  -6  -5   3  -3  -6  -1   1  -1  -6  -5  -5   2   7  -1  -8
G   1  -5  -1  -3  -5  -3  -3  11  -3  -6  -6  -3  -5  -6  -5  -1  -3  -5  -6  -6  -2  -3  -3  -8
H  -3   1   1  -1  -6   3   1  -3  15  -6  -5  -1  -3  -1  -3  -1  -3  -3   4  -5   0   2  -1  -8
I  -3  -5  -6  -6  -1  -5  -6  -6  -6   8   4  -5   3   1  -5  -5  -1  -5  -1   6  -6  -5  -2  -8
L  -3  -5  -6  -6  -3  -3  -5  -6  -5   4   8  -5   4   1  -5  -5  -3  -3  -1   3  -6  -4  -2  -8
K  -1   4   1  -1  -6   3   3  -3  -1  -5  -5  10  -3  -5  -1   1  -1  -5  -3  -5   0   3  -1  -8
M  -1  -3  -3  -5  -3   1  -3  -5  -3   3   4  -3  11   1  -5  -3  -1  -3  -1   3  -4  -1  -1  -8
F  -3  -5  -5  -6  -3  -5  -6  -6  -1   1   1  -5   1  11  -6  -5  -3   3   6  -1  -5  -5  -2  -8
P  -1  -3  -3  -3  -5  -3  -1  -5  -3  -5  -5  -1  -5  -6  15  -1  -1  -6  -5  -5  -3  -2  -2  -8
S   3  -1   1   1  -1   1   1  -1  -1  -5  -5   1  -3  -5  -1   8   3  -5  -3  -3   1   1  -1  -8
T   1  -1   1  -1  -1  -1  -1  -3  -3  -1  -3  -1  -1  -3  -1   3  10  -5  -3   1   0  -1  -1  -8
W  -5  -5  -6  -8  -5  -3  -6  -5  -3  -5  -3  -5  -3   3  -6  -5  -5  20   4  -5  -7  -5  -3  -8
Y  -3  -3  -3  -6  -5  -3  -5  -6   4  -1  -1  -3  -1   6  -5  -3  -3   4  13  -3  -5  -4  -1  -8
V   1  -5  -5  -6  -1  -3  -5  -6  -5   6   3  -5   3  -1  -5  -3   1  -5  -3   8  -5  -4  -2  -8
B  -3  -2   7   7  -5   0   2  -2   0  -6  -6   0  -4  -5  -3   1   0  -7  -5  -5   7   1  -2  -8
Z  -1   2   1   1  -5   8   7  -3   2  -5  -4   3  -1  -5  -2   1  -1  -5  -4  -4   1   7  -1  -8
X  -1  -2  -1  -2  -3   0  -1  -3  -1  -2  -2  -1  -1  -2  -2  -1  -1  -3  -1  -2  -2  -1  -2  -8
*  -8  -8  -8  -8  -8  -8  -8  -8  -8  -8  -8  -8  -8  -8  -8  -8  -8  -8  -8  -8  -8  -8  -8   1
