#  Matrix made by matblas from blosumn.iij
#  * column uses minimum score
#  BLOSUM Clustered Scoring Matrix in 1/2 Bit Units
#  Blocks Database = /data/blocks_5.0/blocks.dat
#  Cluster Percentage: >= -2
#  Entropy =   1.5172, Expected =  -1.1484
    A   R   N   D   C   Q   E   G   H   I   L   K   M   F   P   S   T   W   Y   V   B   Z   X   *
A  10  -1  -1  -3  -1   0  -1   0  -3  -3  -3  -1  -1  -4   0   3   0  -4  -4   0  -2   0  -1  -8
R  -1  12   0  -3  -7   2  -1  -4   0  -5  -4   5  -3  -4  -3  -1  -1  -5  -4  -4  -1   0  -2  -8
N  -1   0  12   3  -4   0   0  -1   2  -5  -5   0  -4  -5  -4   2   0  -7  -4  -4   8   0  -1  -8
D  -3  -3   3  12  -7  -1   3  -3  -1  -7  -7  -1  -5  -5  -3  -1  -1  -8  -5  -5   8   1  -2  -8
C  -1  -7  -4  -7  15  -5  -8  -5  -7  -1  -3  -5  -3  -3  -5  -1  -1  -5  -4  -1  -5  -7  -3  -8
Q   0   2   0  -1  -5  12   3  -4   2  -4  -3   3   0  -4  -1   0  -1  -4  -3  -4   0   8  -1  -8
E  -1  -1   0   3  -8   3  10  -4   0  -5  -5   2  -4  -5  -3   0  -1  -5  -4  -4   2   7  -2  -8
G   0  -4  -1  -3  -5  -4  -4  10  -4  -7  -7  -3  -5  -5  -4   0  -3  -5  -7  -5  -2  -4  -3  -8
H  -3   0   2  -1  -7   2   0  -4  15  -5  -4  -1  -3  -3  -4  -1  -3  -4   3  -5   0   1  -1  -8
I  -3  -5  -5  -7  -1  -4  -5  -7  -5  10   3  -4   3   0  -5  -4  -1  -4  -3   5  -6  -5  -2  -8
L  -3  -4  -5  -7  -3  -3  -5  -7  -4   3   9  -4   5   2  -5  -4  -3  -4  -3   2  -6  -4  -2  -8
K  -1   5   0  -1  -5   3   2  -3  -1  -4  -4  10  -1  -4  -1   0  -1  -7  -4  -4   0   3  -1  -8
M  -1  -3  -4  -5  -3   0  -4  -5  -3   3   5  -1  13   0  -4  -3  -1  -1  -3   2  -5  -2  -1  -8
F  -4  -4  -5  -5  -3  -4  -5  -5  -3   0   2  -4   0  12  -5  -4  -3   2   6  -1  -5  -5  -2  -8
P   0  -3  -4  -3  -5  -1  -3  -4  -4  -5  -5  -1  -4  -5  13  -1  -3  -5  -5  -4  -3  -2  -3  -8
S   3  -1   2  -1  -1   0   0   0  -1  -4  -4   0  -3  -4  -1  10   3  -4  -3  -3   0   0   0  -8
T   0  -1   0  -1  -1  -1  -1  -3  -3  -1  -3  -1  -1  -3  -3   3  10  -5  -3   0   0  -1  -1  -8
W  -4  -5  -7  -8  -5  -4  -5  -5  -4  -4  -4  -7  -1   2  -5  -4  -5  18   3  -3  -8  -5  -3  -8
Y  -4  -4  -4  -5  -4  -3  -4  -7   3  -3  -3  -4  -3   6  -5  -3  -3   3  13  -3  -5  -3  -2  -8
V   0  -4  -4  -5  -1  -4  -4  -5  -5   5   2  -4   2  -1  -4  -3   0  -3  -3   9  -5  -4  -2  -8
B  -2  -1   8   8  -5   0   2  -2   0  -6  -6   0  -5  -5  -3   0   0  -8  -5  -5   8   1  -2  -8
Z   0   0   0   1  -7   8   7  -4   1  -5  -4   3  -2  -5  -2   0  -1  -5  -3  -4   1   7  -1  -8
X  -1  -2  -1  -2  -3  -1  -2  -3  -1  -2  -2  -1  -1  -2  -3   0  -1  -3  -2  -2  -2  -1  -2  -8
*  -8  -8  -8  -8  -8  -8  -8  -8  -8  -8  -8  -8  -8  -8  -8  -8  -8  -8  -8  -8  -8  -8  -8   1
