#  Matrix made by matblas from blosum90.iij
#  * column uses minimum score
#  BLOSUM Clustered Scoring Matrix in 1/2 Bit Units
#  Blocks Database = /data/blocks_5.0/blocks.dat
#  Cluster Percentage: >= 90
#  Entropy =   1.1806, Expected =  -0.8887
    A   R   N   D   C   Q   E   G   H   I   L   K   M   F   P   S   T   W   Y   V   B   Z   X   *
A   9  -2  -2  -3   0   0   0   1  -2  -2  -2   0  -2  -3   0   3   1  -5  -3   0  -3   0  -1  -8
R  -2  11   0  -3  -7   3   0  -3   1  -5  -3   4  -2  -5  -3   0  -2  -5  -3  -3  -2   1  -1  -8
N  -2   0  12   3  -5   1   0   0   1  -5  -5   1  -3  -5  -3   1   1  -7  -3  -5   8   0  -1  -8
D  -3  -3   3  12  -7   0   3  -2  -2  -7  -7   0  -5  -7  -3   0  -2  -8  -5  -7   8   1  -2  -8
C   0  -7  -5  -7  15  -5  -8  -5  -7  -2  -2  -5  -2  -3  -5  -2  -2  -5  -5  -2  -6  -7  -3  -8
Q   0   3   1   0  -5  12   4  -3   3  -5  -3   3   1  -5  -2   0   0  -3  -3  -3   0   8   0  -8
E   0   0   0   3  -8   4  11  -3   0  -5  -5   1  -3  -7  -2   0   0  -7  -5  -3   1   8  -2  -8
G   1  -3   0  -2  -5  -3  -3  11  -3  -7  -7  -2  -5  -7  -3   0  -3  -5  -7  -7  -1  -3  -3  -8
H  -2   1   1  -2  -7   3   0  -3  14  -5  -5   0  -3  -2  -3  -2  -2  -3   3  -5   0   1  -1  -8
I  -2  -5  -5  -7  -2  -5  -5  -7  -5   9   3  -5   3   0  -5  -3   0  -5  -2   6  -6  -5  -2  -8
L  -2  -3  -5  -7  -2  -3  -5  -7  -5   3   9  -3   4   1  -5  -3  -2  -3  -2   1  -6  -4  -2  -8
K   0   4   1   0  -5   3   1  -2   0  -5  -3  11  -2  -5  -2   0   0  -7  -3  -3   0   2  -1  -8
M  -2  -2  -3  -5  -2   1  -3  -5  -3   3   4  -2  12   0  -3  -2   0  -2  -2   1  -4  -1  -1  -8
F  -3  -5  -5  -7  -3  -5  -7  -7  -2   0   1  -5   0  12  -5  -3  -3   1   6  -2  -6  -6  -2  -8
P   0  -3  -3  -3  -5  -2  -2  -3  -3  -5  -5  -2  -3  -5  14  -2  -2  -7  -5  -3  -3  -2  -3  -8
S   3   0   1   0  -2   0   0   0  -2  -3  -3   0  -2  -3  -2   9   3  -5  -3  -2   0   0  -1  -8
T   1  -2   1  -2  -2   0   0  -3  -2   0  -2   0   0  -3  -2   3  11  -5  -2   0   0   0  -1  -8
W  -5  -5  -7  -8  -5  -3  -7  -5  -3  -5  -3  -7  -2   1  -7  -5  -5  18   4  -3  -7  -5  -3  -8
Y  -3  -3  -3  -5  -5  -3  -5  -7   3  -2  -2  -3  -2   6  -5  -3  -2   4  14  -3  -4  -4  -2  -8
V   0  -3  -5  -7  -2  -3  -3  -7  -5   6   1  -3   1  -2  -3  -2   0  -3  -3   9  -6  -3  -2  -8
B  -3  -2   8   8  -6   0   1  -1   0  -6  -6   0  -4  -6  -3   0   0  -7  -4  -6   8   1  -2  -8
Z   0   1   0   1  -7   8   8  -3   1  -5  -4   2  -1  -6  -2   0   0  -5  -4  -3   1   8  -1  -8
X  -1  -1  -1  -2  -3   0  -2  -3  -1  -2  -2  -1  -1  -2  -3  -1  -1  -3  -2  -2  -2  -1  -2  -8
*  -8  -8  -8  -8  -8  -8  -8  -8  -8  -8  -8  -8  -8  -8  -8  -8  -8  -8  -8  -8  -8  -8  -8   1
