#  Matrix made by matblas from blosum40.iij
#  * column uses minimum score
#  BLOSUM Clustered Scoring Matrix in 1/4 Bit Units
#  Blocks Database = /data/blocks_5.0/blocks.dat
#  Cluster Percentage: >= 40
#  Entropy =   0.2851, Expected =  -0.2090
    A   R   N   D   C   Q   E   G   H   I   L   K   M   F   P   S   T   W   Y   V   B   Z   X   *
A   7  -3  -2  -2  -3   0  -2   1  -3  -2  -3  -2  -2  -5  -3   1   0  -5  -3   0  -2  -1  -2  -9
R  -3  12   0  -2  -5   2  -2  -5   0  -5  -3   4  -2  -3  -5  -2  -3  -3  -2  -3  -1   0  -1  -9
N  -2   0  11   2  -3   1  -2   0   1  -3  -5   0  -3  -5  -3   1   0  -6  -3  -5   7   0  -1  -9
D  -2  -2   2  12  -3  -2   2  -3   0  -6  -5   0  -5  -6  -3   0  -2  -7  -5  -5   7   0  -2  -9
C  -3  -5  -3  -3  22  -6  -3  -5  -6  -6  -3  -5  -5  -3  -7  -2  -2  -9  -6  -3  -3  -5  -3  -9
Q   0   2   1  -2  -6  11   2  -3   0  -5  -3   1  -2  -6  -3   1  -2  -2  -2  -5   0   7  -1  -9
E  -2  -2  -2   2  -3   2   9  -5   0  -6  -3   1  -3  -5   0   0  -2  -3  -3  -5   0   6  -1  -9
G   1  -5   0  -3  -5  -3  -5  11  -3  -6  -6  -3  -3  -5  -2   0  -3  -3  -5  -6  -2  -4  -3  -9
H  -3   0   1   0  -6   0   0  -3  18  -5  -3  -2   1  -3  -3  -2  -3  -7   2  -6   0   0  -1  -9
I  -2  -5  -3  -6  -6  -5  -6  -6  -5   8   2  -5   1   1  -3  -3  -2  -5   0   5  -5  -5  -2  -9
L  -3  -3  -5  -5  -3  -3  -3  -6  -3   2   8  -3   4   2  -6  -5  -2  -2   0   2  -5  -3  -2  -9
K  -2   4   0   0  -5   1   1  -3  -2  -5  -3   8  -2  -5  -2   0   0  -3  -2  -3   0   1  -1  -9
M  -2  -2  -3  -5  -5  -2  -3  -3   1   1   4  -2   9   0  -3  -3  -2  -3   1   1  -4  -2  -1  -9
F  -5  -3  -5  -6  -3  -6  -5  -5  -3   1   2  -5   0  12  -6  -3  -2   1   5   0  -5  -5  -2  -9
P  -3  -5  -3  -3  -7  -3   0  -2  -3  -3  -6  -2  -3  -6  15  -2   0  -6  -5  -5  -3  -2  -3  -9
S   1  -2   1   0  -2   1   0   0  -2  -3  -5   0  -3  -3  -2   7   2  -7  -3  -2   0   0  -1  -9
T   0  -3   0  -2  -2  -2  -2  -3  -3  -2  -2   0  -2  -2   0   2   8  -6  -2   1  -1  -2  -1  -9
W  -5  -3  -6  -7  -9  -2  -3  -3  -7  -5  -2  -3  -3   1  -6  -7  -6  26   4  -5  -7  -2  -2  -9
Y  -3  -2  -3  -5  -6  -2  -3  -5   2   0   0  -2   1   5  -5  -3  -2   4  12  -2  -4  -2  -1  -9
V   0  -3  -5  -5  -3  -5  -5  -6  -6   5   2  -3   1   0  -5  -2   1  -5  -2   7  -5  -5  -2  -9
B  -2  -1   7   7  -3   0   0  -2   0  -5  -5   0  -4  -5  -3   0  -1  -7  -4  -5   7   0  -2  -9
Z  -1   0   0   0  -5   7   6  -4   0  -5  -3   1  -2  -5  -2   0  -2  -2  -2  -5   0   6  -1  -9
X  -2  -1  -1  -2  -3  -1  -1  -3  -1  -2  -2  -1  -1  -2  -3  -1  -1  -2  -1  -2  -2  -1  -2  -9
*  -9  -9  -9  -9  -9  -9  -9  -9  -9  -9  -9  -9  -9  -9  -9  -9  -9  -9  -9  -9  -9  -9  -9   1
