#  Matrix made by matblas from blosum50.iij
#  * column uses minimum score
#  BLOSUM Clustered Scoring Matrix in 1/3 Bit Units
#  Blocks Database = /data/blocks_5.0/blocks.dat
#  Cluster Percentage: >= 50
#  Entropy =   0.4808, Expected =  -0.3573
    A   R   N   D   C   Q   E   G   H   I   L   K   M   F   P   S   T   W   Y   V   B   Z   X   *
A   8  -3  -1  -3  -1  -1  -1   0  -3  -1  -3  -1  -1  -4  -1   2   0  -4  -3   0  -2  -1  -1  -7
R  -3  11  -1  -3  -6   2   0  -4   0  -6  -4   5  -3  -4  -4  -1  -1  -4  -1  -4  -2   1  -2  -7
N  -1  -1  11   3  -3   0   0   0   2  -4  -6   0  -3  -6  -3   2   0  -6  -3  -4   7   0  -1  -7
D  -3  -3   3  12  -6   0   3  -1  -1  -6  -6  -1  -6  -7  -1   0  -1  -7  -4  -6   8   2  -2  -7
C  -1  -6  -3  -6  20  -4  -4  -4  -4  -3  -3  -4  -3  -3  -6  -1  -1  -7  -4  -1  -4  -4  -3  -7
Q  -1   2   0   0  -4  11   3  -3   2  -4  -3   3   0  -6  -1   0  -1  -1  -1  -4   0   7  -1  -7
E  -1   0   0   3  -4   3   9  -4   0  -6  -4   2  -3  -4  -1  -1  -1  -4  -3  -4   2   6  -1  -7
G   0  -4   0  -1  -4  -3  -4  12  -3  -6  -6  -3  -4  -6  -3   0  -3  -4  -4  -6  -1  -4  -3  -7
H  -3   0   2  -1  -4   2   0  -3  15  -6  -4   0  -1  -1  -3  -1  -3  -4   3  -6   0   1  -1  -7
I  -1  -6  -4  -6  -3  -4  -6  -6  -6   8   3  -4   3   0  -4  -4  -1  -4  -1   6  -5  -5  -2  -7
L  -3  -4  -6  -6  -3  -3  -4  -6  -4   3   8  -4   5   2  -6  -4  -1  -3  -1   2  -6  -4  -2  -7
K  -1   5   0  -1  -4   3   2  -3   0  -4  -4   9  -3  -6  -1   0  -1  -4  -3  -4  -1   2  -1  -7
M  -1  -3  -3  -6  -3   0  -3  -4  -1   3   5  -3  11   0  -4  -3  -1  -1   0   2  -4  -1  -1  -7
F  -4  -4  -6  -7  -3  -6  -4  -6  -1   0   2  -6   0  12  -6  -4  -3   2   6  -1  -7  -5  -2  -7
P  -1  -4  -3  -1  -6  -1  -1  -3  -3  -4  -6  -1  -4  -6  15  -1  -1  -6  -4  -4  -2  -1  -2  -7
S   2  -1   2   0  -1   0  -1   0  -1  -4  -4   0  -3  -4  -1   8   3  -6  -3  -3   1  -1  -1  -7
T   0  -1   0  -1  -1  -1  -1  -3  -3  -1  -1  -1  -1  -3  -1   3   8  -4  -3   0  -1  -1  -1  -7
W  -4  -4  -6  -7  -7  -1  -4  -4  -4  -4  -3  -4  -1   2  -6  -6  -4  23   3  -4  -7  -3  -3  -7
Y  -3  -1  -3  -4  -4  -1  -3  -4   3  -1  -1  -3   0   6  -4  -3  -3   3  12  -1  -4  -2  -1  -7
V   0  -4  -4  -6  -1  -4  -4  -6  -6   6   2  -4   2  -1  -4  -3   0  -4  -1   8  -5  -4  -2  -7
B  -2  -2   7   8  -4   0   2  -1   0  -5  -6  -1  -4  -7  -2   1  -1  -7  -4  -5   7   1  -2  -7
Z  -1   1   0   2  -4   7   6  -4   1  -5  -4   2  -1  -5  -1  -1  -1  -3  -2  -4   1   7  -1  -7
X  -1  -2  -1  -2  -3  -1  -1  -3  -1  -2  -2  -1  -1  -2  -2  -1  -1  -3  -1  -2  -2  -1  -2  -7
*  -7  -7  -7  -7  -7  -7  -7  -7  -7  -7  -7  -7  -7  -7  -7  -7  -7  -7  -7  -7  -7  -7  -7   1
