#  CROG050101
#  Substitution matrix computed from the Dirichlet Mixture Model
#  (Crooks-Brenner, 2005)
#  PMID:15531614
#  Crooks, G.E. and Brenner, S.E.
#  An alternative model of amino acid replacement
#  Bioinformatics 21, 975-980 (2005)
#  rows = ARNDCQEGHILKMFPSTWYV, cols = ARNDCQEGHILKMFPSTWYV
    A   R   N   D   C   Q   E   G   H   I   L   K   M   F   P   S   T   W   Y   V   B   Z   X   *
A   7  -3  -3  -3   1  -1  -1  -1  -3  -3  -3  -3  -1  -3  -1   1  -1  -4  -3  -1  -3  -1  -1  -9
R  -3  10  -1  -1  -6   2   1  -4   1  -4  -4   4  -3  -4  -3  -1  -1  -3  -3  -4  -1   1  -1  -9
N  -3  -1  12   2  -4   1   1  -1   1  -8  -6   1  -4  -6  -3   1  -1  -4  -3  -6   7   1  -2  -9
D  -3  -1   2  12  -6   1   2  -1  -1  -9  -8   1  -6  -8  -1   1  -1  -6  -4  -8   7   1  -2  -9
C   1  -6  -4  -6  20  -4  -6  -4  -4  -1  -3  -6  -1  -3  -4  -3  -1  -3  -3   1  -5  -5  -2  -9
Q  -1   2   1   1  -4  10   2  -3   1  -4  -4   2  -3  -4  -1   1  -1  -3  -3  -4   1   6  -1  -9
E  -1   1   1   2  -6   2   9  -3  -1  -6  -6   2  -4  -6  -1  -1  -1  -4  -4  -6   1   5  -2  -9
G  -1  -4  -1  -1  -4  -3  -3  12  -3  -9  -8  -3  -6  -8  -3  -1  -3  -6  -6  -8  -1  -3  -3  -9
H  -3   1   1  -1  -4   1  -1  -3  15  -4  -4  -1  -3  -1  -3  -1  -1   1   1  -4   0   0  -1  -9
I  -3  -4  -8  -9  -1  -4  -6  -9  -4   9   4  -6   2   1  -6  -6  -3  -1  -1   5  -8  -5  -3  -9
L  -3  -4  -6  -8  -3  -4  -6  -8  -4   4   9  -4   4   2  -4  -4  -3  -1  -1   2  -7  -5  -2  -9
K  -3   4   1   1  -6   2   2  -3  -1  -6  -4   9  -3  -6  -1  -1  -1  -4  -4  -4   1   2  -1  -9
M  -1  -3  -4  -6  -1  -3  -4  -6  -3   2   4  -3  12   2  -4  -3  -1   1   1   2  -5  -4  -1  -9
F  -3  -4  -6  -8  -3  -4  -6  -8  -1   1   2  -6   2  12  -4  -4  -3   5   5   1  -7  -5  -2  -9
P  -1  -3  -3  -1  -4  -1  -1  -3  -3  -6  -4  -1  -4  -4  14  -1  -3  -4  -4  -4  -2  -1  -2  -9
S   1  -1   1   1  -3   1  -1  -1  -1  -6  -4  -1  -3  -4  -1   7   2  -4  -3  -4   1   0  -1  -9
T  -1  -1  -1  -1  -1  -1  -1  -3  -1  -3  -3  -1  -1  -3  -3   2   9  -3  -3  -1  -1  -1  -1  -9
W  -4  -3  -4  -6  -3  -3  -4  -6   1  -1  -1  -4   1   5  -4  -4  -3  20   5  -3  -5  -4  -1  -9
Y  -3  -3  -3  -4  -3  -3  -4  -6   1  -1  -1  -4   1   5  -4  -3  -3   5  14  -3  -4  -4  -1  -9
V  -1  -4  -6  -8   1  -4  -6  -8  -4   5   2  -4   2   1  -4  -4  -1  -3  -3   9  -7  -5  -2  -9
B  -3  -1   7   7  -5   1   1  -1   0  -8  -7   1  -5  -7  -2   1  -1  -5  -4  -7   7   1  -2  -9
Z  -1   1   1   1  -5   6   5  -3   0  -5  -5   2  -4  -5  -1   0  -1  -4  -4  -5   1   6  -1  -9
X  -1  -1  -2  -2  -2  -1  -2  -3  -1  -3  -2  -1  -1  -2  -2  -1  -1  -1  -1  -2  -2  -1  -2  -9
*  -9  -9  -9  -9  -9  -9  -9  -9  -9  -9  -9  -9  -9  -9  -9  -9  -9  -9  -9  -9  -9  -9  -9   1
