#  CSEM940101
#  Residue replace ability matrix (Cserzo et al., 1994)
#  LIT:2022066 PMID:7966267
#  Cserzo, M., Bernassau, J.-M., Simon, I. and Maigret, B.
#  New alignment strategy for transmembrane proteins
#  J. Mol. Biol. 243, 388-396 (1994)
#  Diagonal elements are missing.
#  We use 1 as diagonal elements.
#  rows = ARNDCQEGHILKMFPSTWYV, cols = ARNDCQEGHILKMFPSTWYV
    A   R   N   D   C   Q   E   G   H   I   L   K   M   F   P   S   T   W   Y   V   B   Z   X   *
A  11  -3  -4  -3  -1  -2  -1  -1  -3  -3   1  -3   0  -5  -3   0  -1  -5  -6  -1  -3  -1  -2  -9
R  -3  11   0  -2  -4   5   2  -3   0  -6  -4   4  -4  -6  -4  -4  -6  -2  -2  -6  -1   4  -2  -9
N  -4   0  11   5  -4   1   0   1   2  -7  -7   1  -3  -6  -1   0   0  -7  -5  -8   8   0  -2  -9
D  -3  -2   5  11  -5   0   3  -1   1  -9  -9   0  -5  -7  -1   1   1  -7  -6  -8   8   2  -2  -9
C  -1  -4  -4  -5  11  -6  -8   1   0   1   1  -7  -1   2  -2  -1   0   0   1   2  -4  -7  -1  -9
Q  -2   5   1   0  -6  11   4  -4  -1  -7  -6   5  -4  -7  -2  -3  -4  -4  -5  -7   1   8  -2  -9
E  -1   2   0   3  -8   4  11  -5  -4  -8  -8   5  -4  -8  -3  -4  -5  -5  -6  -7   1   8  -3  -9
G  -1  -3   1  -1   1  -4  -5  11   0  -5  -4  -5  -2  -3   1   2  -2  -3  -5  -3   0  -4  -1  -9
H  -3   0   2   1   0  -1  -4   0  11  -4  -3  -3  -4  -3  -1   0  -1  -3  -1  -4   1  -3  -1  -9
I  -3  -6  -7  -9   1  -7  -8  -5  -4  11   6  -7   3   6  -4  -5  -2   3   3   7  -8  -8  -1  -9
L   1  -4  -7  -9   1  -6  -8  -4  -3   6  11  -6   3   4  -4  -4  -2   1   0   4  -8  -7  -1  -9
K  -3   4   1   0  -7   5   5  -5  -3  -7  -6  11  -4  -7  -4  -5  -5  -5  -4  -6   1   5  -2  -9
M   0  -4  -3  -5  -1  -4  -4  -2  -4   3   3  -4  11   1  -4  -4  -2   0  -1   1  -4  -4  -1  -9
F  -5  -6  -6  -7   2  -7  -8  -3  -3   6   4  -7   1  11  -3  -2  -2   3   5   4  -7  -8  -1  -9
P  -3  -4  -1  -1  -2  -2  -3   1  -1  -4  -4  -4  -4  -3  11   1   1  -4  -5  -4  -1  -3  -2  -9
S   0  -4   0   1  -1  -3  -4   2   0  -5  -4  -5  -4  -2   1  11   4  -4  -5  -4   0  -3  -1  -9
T  -1  -6   0   1   0  -4  -5  -2  -1  -2  -2  -5  -2  -2   1   4  11  -3  -4  -1   0  -5  -1  -9
W  -5  -2  -7  -7   0  -4  -5  -3  -3   3   1  -5   0   3  -4  -4  -3  11   3   2  -7  -4  -1  -9
Y  -6  -2  -5  -6   1  -5  -6  -5  -1   3   0  -4  -1   5  -5  -5  -4   3  11   2  -6  -6  -2  -9
V  -1  -6  -8  -8   2  -7  -7  -3  -4   7   4  -6   1   4  -4  -4  -1   2   2  11  -8  -7  -1  -9
B  -3  -1   8   8  -4   1   1   0   1  -8  -8   1  -4  -7  -1   0   0  -7  -6  -8   8   1  -2  -9
Z  -1   4   0   2  -7   8   8  -4  -3  -8  -7   5  -4  -8  -3  -3  -5  -4  -6  -7   1   8  -2  -9
X  -2  -2  -2  -2  -1  -2  -3  -1  -1  -1  -1  -2  -1  -1  -2  -1  -1  -1  -2  -1  -2  -2  -2  -9
*  -9  -9  -9  -9  -9  -9  -9  -9  -9  -9  -9  -9  -9  -9  -9  -9  -9  -9  -9  -9  -9  -9  -9   1
