#  DAYM780302
#  Log odds matrix for 40 PAMs (Dayhoff et al., 1978)
#  Dayhoff, M.O., Schwartz, R.M. and Orcutt, B.C.
#  A model of evolutionary change in proteins
#  In "Atlas of Protein Sequence and Structure", Vol.5, Suppl.3 (Dayhoff,
#  M.O., ed.), National Biomedical Research Foundation, Washington, D.C.,
#  p.352 (1978)
#  #
#  # This matrix was produced by "pam" Version 1.0.6 [28-Jul-93]
#  #
#  # PAM 40 substitution matrix, scale = ln(2)/2 = 0.346574
#  #
#  # Expected score = -4.27, Entropy = 2.26 bits
#  #
#  # Lowest score = -15, Highest score = 13
#  #
#  rows = ARNDCQEGHILKMFPSTWYV, cols = ARNDCQEGHILKMFPSTWYV
    A   R   N   D   C   Q   E   G   H   I   L   K   M   F   P   S   T   W   Y   V   B   Z   X   *
A   9  -3   0   0  -3   0   1   2  -3  -1  -2  -3  -1  -4   2   3   3  -8  -4   1   0   1   0 -11
R  -3  10  -2  -5  -4   2  -4  -4   2  -2  -4   4   0  -4   0   1  -2   2  -5  -4  -4  -1  -1 -11
N   0  -2   9   5  -5   0   2   1   4  -1  -3   3  -4  -4  -2   3   2  -4  -1  -4   7   1   0 -11
D   0  -5   5   9  -8   1   6   0   0  -3  -7  -1  -5  -9  -4   0  -1  -9  -6  -4   7   3  -2 -11
C  -3  -4  -5  -8  11  -8  -8  -4  -4  -2  -9  -8  -8  -7  -4   1  -4 -10   0  -2  -7  -8  -4 -11
Q   0   2   0   1  -8  10   5  -3   4  -4  -1   1   0  -7   1  -1  -2  -7  -6  -3   1   8  -1 -11
E   1  -4   2   6  -8   5   9   0  -1  -2  -4  -1  -3  -8  -2  -1  -2 -11  -4  -3   4   7  -2 -11
G   2  -4   1   0  -4  -3   0   9  -4  -5  -5  -3  -4  -4  -2   2  -2  -9  -8  -2   1  -1  -2 -11
H  -3   2   4   0  -4   4  -1  -4  11  -4  -2  -2  -5  -2   0  -2  -3  -3   0  -3   2   2  -1 -11
I  -1  -2  -1  -3  -2  -4  -2  -5  -4  10   2  -2   3   1  -4  -3   1  -8  -2   5  -2  -3  -1 -11
L  -2  -4  -3  -7  -9  -1  -4  -5  -2   2   9  -4   4   1  -3  -4  -3  -2  -3   1  -5  -3  -2 -11
K  -3   4   3  -1  -8   1  -1  -3  -2  -2  -4   9   2  -8  -3   0   1  -6  -4  -4   1   0  -1 -11
M  -1   0  -4  -5  -8   0  -3  -4  -5   3   4   2  13   0  -4  -2   0  -7  -6   2  -4  -1  -1 -11
F  -4  -4  -4  -9  -7  -7  -8  -4  -2   1   1  -8   0  11  -5  -3  -4  -1   5  -4  -7  -8  -3 -11
P   2   0  -2  -4  -4   1  -2  -2   0  -4  -3  -3  -4  -5  10   2   0  -8  -8  -2  -3   0  -2 -11
S   3   1   3   0   1  -1  -1   2  -2  -3  -4   0  -2  -3   2   9   4  -1  -3  -2   2  -1   0 -11
T   3  -2   2  -1  -4  -2  -2  -2  -3   1  -3   1   0  -4   0   4   9  -7  -3   1   1  -2   0 -11
W  -8   2  -4  -9 -10  -7 -11  -9  -3  -8  -2  -6  -7  -1  -8  -1  -7  15  -1 -10  -6  -9  -5 -11
Y  -4  -5  -1  -6   0  -6  -4  -8   0  -2  -3  -4  -6   5  -8  -3  -3  -1  12  -3  -4  -5  -2 -11
V   1  -4  -4  -4  -2  -3  -3  -2  -3   5   1  -4   2  -4  -2  -2   1 -10  -3   9  -4  -3  -1 -11
B   0  -4   7   7  -7   1   4   1   2  -2  -5   1  -4  -7  -3   2   1  -6  -4  -4   7   2  -1 -11
Z   1  -1   1   3  -8   8   7  -1   2  -3  -3   0  -1  -8   0  -1  -2  -9  -5  -3   2   7  -1 -11
X   0  -1   0  -2  -4  -1  -2  -2  -1  -1  -2  -1  -1  -3  -2   0   0  -5  -2  -1  -1  -1  -2 -11
* -11 -11 -11 -11 -11 -11 -11 -11 -11 -11 -11 -11 -11 -11 -11 -11 -11 -11 -11 -11 -11 -11 -11   1
