#  FEND850101
#  Structure-Genetic matrix (Feng et al., 1985)
#  LIT:1107900 PMID:6100188
#  Feng, D.F., Johnson, M.S. and Doolittle, R.F.
#  Aligning amino acid sequences: comparison of commonly used methods
#  J. Mol. Evol. 21, 112-125 (1985)
#  rows = ARNDCQEGHILKMFPSTWYV, cols = ARNDCQEGHILKMFPSTWYV
    A   R   N   D   C   Q   E   G   H   I   L   K   M   F   P   S   T   W   Y   V   B   Z   X   *
A   9  -4  -1   3  -4  -1   3   6  -4  -4  -4  -1  -4  -4   6   6   6  -4  -4   6   1   1   0 -10
R  -4   9  -4  -4  -4  -1  -4  -1   3  -4  -4   6  -4  -7  -1  -1  -1  -4  -7  -4  -4  -2  -2 -10
N  -1  -4   9   6  -4  -1  -1  -1   3  -4  -7   3  -7  -7  -4   6   3 -10  -1  -4   7  -1  -1 -10
D   3  -4   6   9  -7   3   6   3  -1  -7  -7  -1 -10  -7  -4  -1  -4 -10  -4  -1   7   4  -2 -10
C  -4  -4  -4  -7   9  -7 -10  -1  -4  -4  -4 -10  -4  -1  -4   3  -4  -1  -1  -4  -5  -9  -3 -10
Q  -1  -1  -1   3  -7   9   3  -4   3  -7  -4   3  -4  -7  -1  -1  -1  -7  -4  -4   1   6  -2 -10
E   3  -4  -1   6 -10   3   9   3  -4  -7  -7   3  -7 -10  -1  -1  -1  -7  -7   3   3   6  -2 -10
G   6  -1  -1   3  -1  -4   3   9  -7  -4  -4  -4  -7  -7  -1   6  -4  -1  -4   3   1  -1  -1 -10
H  -4   3   3  -1  -4   3  -4  -7   9  -7  -1  -1  -7  -4  -1  -1  -4  -7  -1  -7   1  -1  -2 -10
I  -4  -4  -4  -7  -4  -7  -7  -4  -7   9   6  -4   3   3  -4  -4  -1  -4  -1   6  -5  -7  -2 -10
L  -4  -4  -7  -7  -4  -4  -7  -4  -1   6   9  -4   6   3  -1  -4  -4   3  -1   6  -7  -5  -1 -10
K  -1   6   3  -1 -10   3   3  -4  -1  -4  -4   9  -4 -10  -4  -1   3  -7  -7  -1   1   3  -2 -10
M  -4  -4  -7 -10  -4  -4  -7  -7  -7   3   6  -4   9  -4  -4  -7  -1  -1  -4   3  -9  -5  -3 -10
F  -4  -7  -7  -7  -1  -7 -10  -7  -4   3   3 -10  -4   9  -4  -1  -7  -1   6   3  -7  -9  -3 -10
P   6  -1  -4  -4  -4  -1  -1  -1  -1  -4  -1  -4  -4  -4   9   3   3  -4  -4  -1  -4  -1  -1 -10
S   6  -1   6  -1   3  -1  -1   6  -1  -4  -4  -1  -7  -1   3   9   6  -4  -1  -4   3  -1   1 -10
T   6  -1   3  -4  -4  -1  -1  -4  -4  -1  -4   3  -1  -7   3   6   9  -7  -4  -1  -1  -1  -1 -10
W  -4  -4 -10 -10  -1  -7  -7  -1  -7  -4   3  -7  -1  -1  -4  -4  -7   9  -1  -1 -10  -7  -3 -10
Y  -4  -7  -1  -4  -1  -4  -7  -4  -1  -1  -1  -7  -4   6  -4  -1  -4  -1   9  -1  -2  -5  -2 -10
V   6  -4  -4  -1  -4  -4   3   3  -7   6   6  -1   3   3  -1  -4  -1  -1  -1   9  -2  -1   0 -10
B   1  -4   7   7  -5   1   3   1   1  -5  -7   1  -9  -7  -4   3  -1 -10  -2  -2   7   2  -2 -10
Z   1  -2  -1   4  -9   6   6  -1  -1  -7  -5   3  -5  -9  -1  -1  -1  -7  -5  -1   2   6  -2 -10
X   0  -2  -1  -2  -3  -2  -2  -1  -2  -2  -1  -2  -3  -3  -1   1  -1  -3  -2   0  -2  -2  -2 -10
* -10 -10 -10 -10 -10 -10 -10 -10 -10 -10 -10 -10 -10 -10 -10 -10 -10 -10 -10 -10 -10 -10 -10   1
