#  FITW660101
#  Mutation values for the interconversion of amino acid pairs (Fitch, 1966)
#  PMID:5917736
#  Fitch, W.M.
#  An improved method of testing for evolutionary homology
#  J. Mol. Biol. 16, 9-16 (1966)
#  rows = ARNDCQEGHILKMFPSTWYV, cols = ARNDCQEGHILKMFPSTWYV
    A   R   N   D   C   Q   E   G   H   I   L   K   M   F   P   S   T   W   Y   V   B   Z   X   *
A -11   2   2  -4   2   2  -4  -4   2   2   2   2   2   2  -4  -4  -4   2   2  -4  -1  -1  -1 -11
R   2 -11   2   2  -4  -4   2  -4  -4   2  -4  -4  -4   2  -4  -4  -4  -4   2   2   2  -1  -2 -11
N   2   2 -11  -4   2   2   2   2  -4  -4   2  -4   2   2   2  -4  -4   9  -4   2  -8   2   0 -11
D  -4   2  -4 -11   2   2  -4  -4  -4   2   2   2   9   2   2   2   2   9  -4  -4  -8  -1   0 -11
C   2  -4   2   2 -11   2   9  -4   2   2   2   9   9  -4   2  -4   2  -4  -4  -4   2   6   0 -11
Q   2  -4   2   2   2 -11  -4   2  -4   9  -4  -4   2   2  -4  -4   2  -4  -4   2   2  -8  -1 -11
E  -4   2   2  -4   9  -4 -11  -4   2   9   2  -4   2   9   2   2   2   2   2  -4  -1  -8   1 -11
G  -4  -4   2  -4  -4   2  -4 -11   2   2  -4   2   2   2   2  -4   2  -4   2  -4  -1  -1  -1 -11
H   2  -4  -4  -4   2  -4   2   2 -11   2  -4   2   9   2  -4   2   2   9  -4   2  -4  -1   0 -11
I   2   2  -4   2   2   9   9   2   2 -11  -4   2  -4  -4   2  -4  -4   9   2  -4  -1   9   0 -11
L   2  -4   2   2   2  -4   2  -4  -4  -4 -11   2  -4  -4  -4  -4   2  -4   2  -4   2  -1  -2 -11
K   2  -4  -4   2   9  -4  -4   2   2   2   2 -11  -4   9   2   2  -4   2   2   2  -1  -4   0 -11
M   2  -4   2   9   9   2   2   2   9  -4  -4  -4 -11   2   2   2  -4   2   9  -4   6   2   1 -11
F   2   2   2   2  -4   2   9   2   2  -4  -4   9   2 -11   2  -4   2   2  -4  -4   2   6   0 -11
P  -4  -4   2   2   2  -4   2   2  -4   2  -4   2   2   2 -11  -4  -4   2   2   2   2  -1  -1 -11
S  -4  -4  -4   2  -4  -4   2  -4   2  -4  -4   2   2  -4  -4 -11  -4  -4  -4   2  -1  -1  -3 -11
T  -4  -4  -4   2   2   2   2   2   2  -4   2  -4  -4   2  -4  -4 -11   2   2   2  -1   2  -1 -11
W   2  -4   9   9  -4  -4   2  -4   9   9  -4   2   2   2   2  -4   2 -11   2   2   9  -1   1 -11
Y   2   2  -4  -4  -4  -4   2   2  -4   2   2   2   9  -4   2  -4   2   2 -11   2  -4  -1   0 -11
V  -4   2   2  -4  -4   2  -4  -4   2  -4  -4   2  -4  -4   2   2   2   2   2 -11  -1  -1  -1 -11
B  -1   2  -8  -8   2   2  -1  -1  -4  -1   2  -1   6   2   2  -1  -1   9  -4  -1  -8   1   0 -11
Z  -1  -1   2  -1   6  -8  -8  -1  -1   9  -1  -4   2   6  -1  -1   2  -1  -1  -1   1  -8   0 -11
X  -1  -2   0   0   0  -1   1  -1   0   0  -2   0   1   0  -1  -3  -1   1   0  -1   0   0  -1 -11
* -11 -11 -11 -11 -11 -11 -11 -11 -11 -11 -11 -11 -11 -11 -11 -11 -11 -11 -11 -11 -11 -11 -11   1
