#  GEOD900101
#  Hydrophobicity scoring matrix (George et al., 1990)
#  PMID:2314281
#  George, D.G., Barker, W.C. and Hunt, L.T.
#  Mutation data matrix and its uses
#  Methods Enzymol. 183, 333-351 (1990)
#  rows = ARNDCQEGHILKMFPSTWYV, cols = ARNDCQEGHILKMFPSTWYV
    A   R   N   D   C   Q   E   G   H   I   L   K   M   F   P   S   T   W   Y   V   B   Z   X   *
A   5  -5   3  -5   3   3  -5   3   5   1   1  -5   3  -1   3   3   5  -5  -1   1  -1  -1   0 -15
R  -5   5  -3   3  -7  -3   3  -5  -5  -9  -9   5  -9 -13  -9  -3  -5 -15 -11  -9   0   0  -5 -15
N   3  -3   5  -3   1   5  -3   5   3  -1  -1  -3   1  -3   1   5   3  -7  -3  -1   1   1   0 -15
D  -5   3  -3   5  -5  -3   5  -3  -5  -9  -9   3  -7 -11  -7  -1  -5 -13  -9  -7   1   1  -4 -15
C   3  -7   1  -5   5   1  -5   1   3   3   3  -7   5   1   3   1   3  -3   1   3  -2  -2   0 -15
Q   3  -3   5  -3   1   5  -3   5   3  -1  -1  -3   1  -3   1   5   3  -7  -3  -1   1   1   0 -15
E  -5   3  -3   5  -5  -3   5  -3  -5  -9  -9   3  -7 -11  -7  -1  -5 -13  -9  -7   1   1  -4 -15
G   3  -5   5  -3   1   5  -3   5   3  -1  -1  -5   1  -3   1   5   3  -5  -3   1   1   1   0 -15
H   5  -5   3  -5   3   3  -5   3   5   1   1  -5   3  -1   3   3   5  -5  -1   1  -1  -1   0 -15
I   1  -9  -1  -9   3  -1  -9  -1   1   5   5  -9   3   3   3  -1   1   1   3   5  -5  -5   0 -15
L   1  -9  -1  -9   3  -1  -9  -1   1   5   5  -9   3   3   3  -1   1   1   3   5  -5  -5   0 -15
K  -5   5  -3   3  -7  -3   3  -5  -5  -9  -9   5  -9 -13  -9  -3  -5 -15 -11  -9   0   0  -5 -15
M   3  -9   1  -7   5   1  -7   1   3   3   3  -9   5   1   5   1   3  -1   1   5  -3  -3   0 -15
F  -1 -13  -3 -11   1  -3 -11  -3  -1   3   3 -13   1   5   1  -3  -1   3   5   1  -7  -7  -2 -15
P   3  -9   1  -7   3   1  -7   1   3   3   3  -9   5   1   5  -1   1  -1   3   5  -3  -3   0 -15
S   3  -3   5  -1   1   5  -1   5   3  -1  -1  -3   1  -3  -1   5   3  -7  -3  -1   2   2   0 -15
T   5  -5   3  -5   3   3  -5   3   5   1   1  -5   3  -1   1   3   5  -5  -1   1  -1  -1   0 -15
W  -5 -15  -7 -13  -3  -7 -13  -5  -5   1   1 -15  -1   3  -1  -7  -5   5   1  -1 -10 -10  -5 -15
Y  -1 -11  -3  -9   1  -3  -9  -3  -1   3   3 -11   1   5   3  -3  -1   1   5   3  -6  -6  -2 -15
V   1  -9  -1  -7   3  -1  -7   1   1   5   5  -9   5   1   5  -1   1  -1   3   5  -4  -4   0 -15
B  -1   0   1   1  -2   1   1   1  -1  -5  -5   0  -3  -7  -3   2  -1 -10  -6  -4   1   1  -2 -15
Z  -1   0   1   1  -2   1   1   1  -1  -5  -5   0  -3  -7  -3   2  -1 -10  -6  -4   1   1  -2 -15
X   0  -5   0  -4   0   0  -4   0   0   0   0  -5   0  -2   0   0   0  -5  -2   0  -2  -2  -1 -15
* -15 -15 -15 -15 -15 -15 -15 -15 -15 -15 -15 -15 -15 -15 -15 -15 -15 -15 -15 -15 -15 -15 -15   1
