#  GRAR740104
#  Chemical distance (Grantham, 1974)
#  LIT:2004143 PMID:4843792
#  Grantham, R.
#  Amino acid difference formula to help explain protein evolution
#  Science 185, 862-864 (1974)
#  rows = ARNDCQEGHILKMFPSTWYV, cols = ARNDCQEGHILKMFPSTWYV
    A   R   N   D   C   Q   E   G   H   I   L   K   M   F   P   S   T   W   Y   V   B   Z   X   *
A  -9   1   1   2   9  -1   1  -4  -1  -1   0   0  -2   1  -7   0  -4   4   1  -3   2   0  -1  -9
R   1  -9  -1   0   7  -5  -4   2  -7   0   0  -7  -1   0   0   1  -3   0  -2   0  -1  -5  -2  -9
N   1  -1  -9  -7   4  -5  -6  -2  -3   4   5  -1   4   5  -1  -5  -3   7   4   3  -8  -5   0  -9
D   2   0  -7  -9   5  -4  -5  -1  -2   6   7   0   5   7   1  -3  -2   7   5   5  -8  -4   1  -9
C   9   7   4   5  -9   5   6   5   7   9   9   9   9  10   6   1   4  11   9   8   4   6   6  -9
Q  -1  -5  -5  -4   5  -9  -7  -1  -7   1   1  -4   0   1  -2  -3  -6   3   0   0  -4  -8  -2  -9
E   1  -4  -6  -5   6  -7  -9   0  -6   3   3  -4   2   4  -1  -2  -3   5   2   2  -5  -8  -1  -9
G  -4   2  -2  -1   5  -1   0  -9   0   3   3   2   2   5  -6  -4  -4   8   4   1  -1  -1   0  -9
H  -1  -7  -3  -2   7  -7  -6   0  -9  -1   0  -6  -1   0  -2  -1  -5   1  -2  -2  -2  -6  -2  -9
I  -1   0   4   6   9   1   3   3  -1  -9  -9   0  -9  -7  -1   4  -1  -4  -6  -7   5   2  -1  -9
L   0   0   5   7   9   1   3   3   0  -9  -9   1  -8  -7   0   4  -1  -4  -6  -6   6   2  -1  -9
K   0  -7  -1   0   9  -4  -4   2  -6   0   1  -9  -1   0   0   2  -2   1  -2   0   0  -4  -1  -9
M  -2  -1   4   5   9   0   2   2  -1  -9  -8  -1  -9  -7  -1   3  -2  -3  -6  -7   5   1  -2  -9
F   1   0   5   7  10   1   4   5   0  -7  -7   0  -7  -9   1   5   0  -6  -7  -5   6   3  -1  -9
P  -7   0  -1   1   6  -2  -1  -6  -2  -1   0   0  -1   1  -9  -3  -6   4   1  -3   0  -2  -1  -9
S   0   1  -5  -3   1  -3  -2  -4  -1   4   4   2   3   5  -3  -9  -4   7   4   2  -4  -3   0  -9
T  -4  -3  -3  -2   4  -6  -3  -4  -5  -1  -1  -2  -2   0  -6  -4  -9   3  -1  -3  -2  -4  -3  -9
W   4   0   7   7  11   3   5   8   1  -4  -4   1  -3  -6   4   7   3  -9  -6  -1   7   4   1  -9
Y   1  -2   4   5   9   0   2   4  -2  -6  -6  -2  -6  -7   1   4  -1  -6  -9  -4   5   1  -1  -9
V  -3   0   3   5   8   0   2   1  -2  -7  -6   0  -7  -5  -3   2  -3  -1  -4  -9   4   1  -2  -9
B   2  -1  -8  -8   4  -4  -5  -1  -2   5   6   0   5   6   0  -4  -2   7   5   4  -8  -5   0  -9
Z   0  -5  -5  -4   6  -8  -8  -1  -6   2   2  -4   1   3  -2  -3  -4   4   1   1  -5  -8  -2  -9
X  -1  -2   0   1   6  -2  -1   0  -2  -1  -1  -1  -2  -1  -1   0  -3   1  -1  -2   0  -2  -1  -9
*  -9  -9  -9  -9  -9  -9  -9  -9  -9  -9  -9  -9  -9  -9  -9  -9  -9  -9  -9  -9  -9  -9  -9   1
