#  HENS920102
#  BLOSUM62 substitution matrix (Henikoff-Henikoff, 1992)
#  LIT:1902106 PMID:1438297
#  Henikoff, S. and Henikoff, J.G.
#  Amino acid substitution matrices from protein blocks
#  Proc. Natl. Acad. Sci. USA 89, 10915-10919 (1992)
#  matrix in 1/3 Bit Units
#  rows = ARNDCQEGHILKMFPSTWYV, cols = ARNDCQEGHILKMFPSTWYV
    A   R   N   D   C   Q   E   G   H   I   L   K   M   F   P   S   T   W   Y   V   B   Z   X   *
A   8  -2  -2  -3  -1  -1  -1   0  -2  -2  -2  -1  -1  -3  -1   3   0  -5  -3   0  -3  -1  -1  -7
R  -2  11  -1  -2  -6   2   0  -3   0  -5  -3   4  -2  -5  -3  -1  -2  -5  -3  -5  -1   1  -2  -7
N  -2  -1  11   3  -5   0   0  -1   2  -6  -6   0  -3  -5  -3   2   0  -7  -3  -5   7   0  -1  -7
D  -3  -2   3  12  -6   0   3  -2  -2  -6  -6  -1  -6  -6  -2   0  -2  -7  -6  -6   8   2  -2  -7
C  -1  -6  -5  -6  17  -5  -6  -5  -5  -2  -2  -6  -2  -5  -5  -1  -1  -3  -5  -1  -5  -5  -3  -7
Q  -1   2   0   0  -5  11   4  -3   2  -5  -3   3  -1  -6  -2   0  -1  -3  -2  -3   0   8  -1  -7
E  -1   0   0   3  -6   4  10  -3   0  -6  -5   2  -3  -6  -2   0  -1  -5  -3  -5   2   7  -1  -7
G   0  -3  -1  -2  -5  -3  -3  11  -3  -7  -6  -2  -5  -6  -3   0  -2  -5  -6  -6  -1  -3  -3  -7
H  -2   0   2  -2  -5   2   0  -3  15  -6  -5  -1  -2  -2  -3  -1  -3  -5   4  -6   0   1  -1  -7
I  -2  -5  -6  -6  -2  -5  -6  -7  -6   8   3  -5   3   0  -5  -5  -1  -5  -2   6  -6  -5  -2  -7
L  -2  -3  -6  -6  -2  -3  -5  -6  -5   3   8  -5   4   2  -5  -5  -2  -2  -2   2  -6  -4  -2  -7
K  -1   4   0  -1  -6   3   2  -2  -1  -5  -5  10  -2  -6  -2   0  -1  -5  -3  -3   0   2  -1  -7
M  -1  -2  -3  -6  -2  -1  -3  -5  -2   3   4  -2  11   0  -5  -2  -1  -2  -1   2  -5  -2  -1  -7
F  -3  -5  -5  -6  -5  -6  -6  -6  -2   0   2  -6   0  12  -6  -5  -3   2   6  -1  -5  -6  -2  -7
P  -1  -3  -3  -2  -5  -2  -2  -3  -3  -5  -5  -2  -5  -6  15  -1  -2  -6  -5  -5  -3  -2  -3  -7
S   3  -1   2   0  -1   0   0   0  -1  -5  -5   0  -2  -5  -1   8   3  -5  -3  -2   1   0  -1  -7
T   0  -2   0  -2  -1  -1  -1  -2  -3  -1  -2  -1  -1  -3  -2   3  10  -5  -2   0  -1  -1  -1  -7
W  -5  -5  -7  -7  -3  -3  -5  -5  -5  -5  -2  -5  -2   2  -6  -5  -5  21   4  -5  -7  -4  -3  -7
Y  -3  -3  -3  -6  -5  -2  -3  -6   4  -2  -2  -3  -1   6  -5  -3  -2   4  13  -2  -5  -3  -1  -7
V   0  -5  -5  -6  -1  -3  -5  -6  -6   6   2  -3   2  -1  -5  -2   0  -5  -2   8  -5  -4  -2  -7
B  -3  -1   7   8  -5   0   2  -1   0  -6  -6   0  -5  -5  -3   1  -1  -7  -5  -5   7   1  -2  -7
Z  -1   1   0   2  -5   8   7  -3   1  -5  -4   2  -2  -6  -2   0  -1  -4  -3  -4   1   7  -1  -7
X  -1  -2  -1  -2  -3  -1  -1  -3  -1  -2  -2  -1  -1  -2  -3  -1  -1  -3  -1  -2  -2  -1  -2  -7
*  -7  -7  -7  -7  -7  -7  -7  -7  -7  -7  -7  -7  -7  -7  -7  -7  -7  -7  -7  -7  -7  -7  -7   1
