#  JOND920103
#  The 250 PAM PET91 matrix (Jones et al., 1992)
#  LIT:1814076 PMID:1633570
#  Jones, D.T., Taylor, W.R. and Thornton, J.M.
#  The rapid generation of mutation data matrices from protein sequences
#  CABIOS 8, 275-282 (1992)
#  rows = ARNDCQEGHILKMFPSTWYV, cols = ARNDCQEGHILKMFPSTWYV
    A   R   N   D   C   Q   E   G   H   I   L   K   M   F   P   S   T   W   Y   V   B   Z   X   *
A   3  -2   0   0  -2  -2  -2   2  -4   0  -2  -2  -2  -5   2   2   3  -7  -5   2   0  -2  -1  -9
R  -2   8   0  -2  -2   3   0   0   3  -5  -5   7  -4  -7  -2  -2  -2   0  -4  -5  -1   2  -1  -9
N   0   0   5   3  -2   0   2   0   2  -4  -5   2  -4  -5  -2   2   2  -9  -2  -4   4   1  -1  -9
D   0  -2   3   8  -5   2   7   2   0  -5  -7   0  -5  -9  -4   0  -2  -9  -4  -4   6   4  -2  -9
C  -2  -2  -2  -5  19  -5  -7  -2   0  -4  -5  -5  -4   0  -4   2  -2   2   3  -4  -4  -6  -1  -9
Q  -2   3   0   2  -5   8   3  -2   3  -5  -4   3  -4  -7   0  -2  -2  -5  -4  -5   1   6  -1  -9
E  -2   0   2   7  -7   3   8   0   0  -5  -7   2  -5  -9  -4  -2  -2  -9  -7  -4   4   6  -2  -9
G   2   0   0   2  -2  -2   0   8  -4  -5  -7  -2  -5  -9  -2   2  -2  -4  -7  -4   1  -1  -2  -9
H  -4   3   2   0   0   3   0  -4  10  -5  -4   2  -4   0   0  -2  -2  -5   7  -5   1   2   0  -9
I   0  -5  -4  -5  -4  -5  -5  -5  -5   7   3  -5   5   0  -4  -2   2  -7  -4   7  -4  -5  -2  -9
L  -2  -5  -5  -7  -5  -4  -7  -7  -4   3   8  -5   5   3   0  -4  -2  -4  -2   3  -6  -5  -2  -9
K  -2   7   2   0  -5   3   2  -2   2  -5  -5   8  -4  -9  -4  -2  -2  -5  -5  -5   1   2  -2  -9
M  -2  -4  -4  -5  -4  -4  -5  -5  -4   5   5  -4  10   0  -4  -2   0  -5  -4   3  -4  -4  -1  -9
F  -5  -7  -5  -9   0  -7  -9  -9   0   0   3  -9   0  14  -5  -4  -4  -2   8   0  -7  -8  -2  -9
P   2  -2  -2  -4  -4   0  -4  -2   0  -4   0  -4  -4  -5  10   2   2  -7  -5  -2  -3  -2  -2  -9
S   2  -2   2   0   2  -2  -2   2  -2  -2  -4  -2  -2  -4   2   3   2  -5  -2  -2   1  -2  -1  -9
T   3  -2   2  -2  -2  -2  -2  -2  -2   2  -2  -2   0  -4   2   2   3  -7  -5   0   0  -2  -1  -9
W  -7   0  -9  -9   2  -5  -9  -4  -5  -7  -4  -5  -5  -2  -7  -5  -7  26   0  -5  -9  -7  -3  -9
Y  -5  -4  -2  -4   3  -4  -7  -7   7  -4  -2  -5  -4   8  -5  -2  -5   0  15  -5  -3  -5  -1  -9
V   2  -5  -4  -4  -4  -5  -4  -4  -5   7   3  -5   3   0  -2  -2   0  -5  -5   7  -4  -4  -2  -9
B   0  -1   4   6  -4   1   4   1   1  -4  -6   1  -4  -7  -3   1   0  -9  -3  -4   5   2  -1  -9
Z  -2   2   1   4  -6   6   6  -1   2  -5  -5   2  -4  -8  -2  -2  -2  -7  -5  -4   2   6  -2  -9
X  -1  -1  -1  -2  -1  -1  -2  -2   0  -2  -2  -2  -1  -2  -2  -1  -1  -3  -1  -2  -1  -2  -2  -9
*  -9  -9  -9  -9  -9  -9  -9  -9  -9  -9  -9  -9  -9  -9  -9  -9  -9  -9  -9  -9  -9  -9  -9   1
