#  JOND940101
#  The 250 PAM transmembrane protein exchange matrix (Jones et al., 1994)
#  LIT:2006072 PMID:8112466
#  Jones, D.T., Taylor, W.R. and Thornton, J.M.
#  A mutation data matrix for transmembrane proteins
#  FEBS Lett. 339, 269-275 (1994)
#  rows = ARNDCQEGHILKMFPSTWYV, cols = ARNDCQEGHILKMFPSTWYV
    A   R   N   D   C   Q   E   G   H   I   L   K   M   F   P   S   T   W   Y   V   B   Z   X   *
A   2  -2  -2  -1  -1  -3  -1   1  -5  -1  -3  -3  -2  -3  -1   2   1  -6  -5  -1  -1  -2  -2  -9
R  -2   8   2   1  -2   7   2  -1   6  -5  -5  11  -1  -6  -5  -2  -2   6  -2  -3   1   5   0  -9
N  -2   2  14   7  -2   3   1  -3   3  -5  -6   6  -3  -6  -3   2   1  -5  -2  -5  10   2   0  -9
D  -1   1   7  15  -5   2  10   3   3  -5  -7   3  -5  -9  -3  -1  -1  -6  -3  -5  11   6   0  -9
C  -1  -2  -2  -5   7  -5  -5  -2  -2  -2  -2  -5  -2   1  -6   1  -1   1   3  -1  -3  -5  -1  -9
Q  -3   7   3   2  -5  14   8  -2   8  -6  -3   7  -3  -6  -1  -2  -3  -1  -1  -6   3  11   0  -9
E  -1   2   1  10  -5   8  16   3   2  -6  -7   1  -5  -9  -5  -1  -2  -5  -7  -3   5  12  -1  -9
G   1  -1  -3   3  -2  -2   3   7  -5  -3  -6  -2  -5  -6  -3   1  -1  -3  -7  -2   0   1  -2  -9
H  -5   6   3   3  -2   8   2  -5  14  -6  -6   5  -5  -5  -6  -3  -3  -2   7  -6   3   5   0  -9
I  -1  -5  -5  -5  -2  -6  -6  -3  -6   2   1  -6   1  -2  -5  -2  -1  -5  -6   2  -5  -6  -3  -9
L  -3  -5  -6  -7  -2  -3  -7  -6  -6   1   3  -6   1   1  -2  -3  -2  -3  -5  -1  -7  -5  -3  -9
K  -3  11   6   3  -5   7   1  -2   5  -6  -6  15  -2  -7  -6  -2  -3   3   1  -6   5   4   0  -9
M  -2  -1  -3  -5  -2  -3  -5  -5  -5   1   1  -2   3  -1  -5  -3  -1  -3  -5   1  -4  -4  -2  -9
F  -3  -6  -6  -9   1  -6  -9  -6  -5  -2   1  -7  -1   6  -6  -2  -3  -5   2  -2  -7  -7  -3  -9
P  -1  -5  -3  -3  -6  -1  -5  -3  -6  -5  -2  -6  -5  -6  14  -2  -2  -9  -7  -5  -3  -3  -3  -9
S   2  -2   2  -1   1  -2  -1   1  -3  -2  -3  -2  -3  -2  -2   3   2  -5  -1  -2   1  -1  -1  -9
T   1  -2   1  -1  -1  -3  -2  -1  -3  -1  -2  -3  -1  -3  -2   2   3  -6  -5  -1   0  -3  -2  -9
W  -6   6  -5  -6   1  -1  -5  -3  -2  -5  -3   3  -3  -5  -9  -5  -6  15  -3  -3  -5  -3  -2  -9
Y  -5  -2  -2  -3   3  -1  -7  -7   7  -6  -5   1  -5   2  -7  -1  -5  -3  12  -6  -3  -4  -2  -9
V  -1  -3  -5  -5  -1  -6  -3  -2  -6   2  -1  -6   1  -2  -5  -2  -1  -3  -6   2  -5  -5  -3  -9
B  -1   1  10  11  -3   3   5   0   3  -5  -7   5  -4  -7  -3   1   0  -5  -3  -5  11   4   0  -9
Z  -2   5   2   6  -5  11  12   1   5  -6  -5   4  -4  -7  -3  -1  -3  -3  -4  -5   4  12   0  -9
X  -2   0   0   0  -1   0  -1  -2   0  -3  -3   0  -2  -3  -3  -1  -2  -2  -2  -3   0   0  -1  -9
*  -9  -9  -9  -9  -9  -9  -9  -9  -9  -9  -9  -9  -9  -9  -9  -9  -9  -9  -9  -9  -9  -9  -9   1
