#  LUTR910104
#  Structure-based comparison table for inside alpha class (Luthy et al., 1991)
#  LIT:1712085 PMID:1881879
#  Luthy, R., McLachlan, A.D. and Eisenberg, D.
#  Secondary structure-based profiles: Use of structure-conserving scoring
#  tables in searching protein sequence databases for structural similarities
#  Proteins 10, 229-239 (1991)
#  rows = ARNDCQEGHILKMFPSTWYV, cols = ARNDCQEGHILKMFPSTWYV
    A   R   N   D   C   Q   E   G   H   I   L   K   M   F   P   S   T   W   Y   V   B   Z   X   *
A   4  -1   0  -1   1   0   0   0  -8  -1  -4  -1  -1  -5   0   1   1 -13  -4  -1   0   0  -2 -14
R  -1   8   0   0  -1   1   2  -1   0  -1  -2   4   0  -4   0   0   0  -9  -2  -2   0   2   0 -14
N   0   0   0   2   0   0   0   1  -2  -1  -2   1  -1  -4   0   0   0  -9  -2  -1   1   0  -1 -14
D  -1   0   2  16  -4   2   4  -1   1  -4  -6   1  -3  -7   0   0  -1 -14  -3  -4   9   3  -1 -14
C   1  -1   0  -4  11  -1  -1   0  -8   0  -3  -1  -1  -4   0   2   1 -12  -3  -1  -2  -1  -1 -14
Q   0   1   0   2  -1   1   1   0   2  -1  -2   1  -1  -4   0   0   0  -4  -1  -1   1   1   0 -14
E   0   2   0   4  -1   1   2   1  -2  -1  -3   3  -2  -6   0   0   0 -10  -3  -2   2   1  -1 -14
G   0  -1   1  -1   0   0   1  12  -8  -2  -6   0  -2  -7   1   1   0 -14  -5  -3   0   1  -2 -14
H  -8   0  -2   1  -8   2  -2  -8  22  -5  -3  -3  -3  -2  -4  -5  -5 -11   5  -7   0   0  -2 -14
I  -1  -1  -1  -4   0  -1  -1  -2  -5   3  -1  -1   0  -2  -1  -1   0  -7  -2   0  -2  -1  -1 -14
L  -4  -2  -2  -6  -3  -2  -3  -6  -3  -1   5  -3   0  -2  -2  -3  -2  -8  -2  -2  -4  -3  -3 -14
K  -1   4   1   1  -1   1   3   0  -3  -1  -3   7  -2  -6   0   0   0  -6  -4  -2   1   2  -1 -14
M  -1   0  -1  -3  -1  -1  -2  -2  -3   0   0  -2   3  -1  -1  -1  -1  -4  -1   0  -2  -1  -1 -14
F  -5  -4  -4  -7  -4  -4  -6  -7  -2  -2  -2  -6  -1  13  -3  -4  -4   0   5  -3  -6  -5  -2 -14
P   0   0   0   0   0   0   0   1  -4  -1  -2   0  -1  -3   0   1   0  -9  -2  -1   0   0  -1 -14
S   1   0   0   0   2   0   0   1  -5  -1  -3   0  -1  -4   1   5   1 -12  -3  -1   0   0  -1 -14
T   1   0   0  -1   1   0   0   0  -5   0  -2   0  -1  -4   0   1   2 -10  -3   0   0   0  -1 -14
W -13  -9  -9 -14 -12  -4 -10 -14 -11  -7  -8  -6  -4   0  -9 -12 -10  30   7  -6 -11  -7  -6 -14
Y  -4  -2  -2  -3  -3  -1  -3  -5   5  -2  -2  -4  -1   5  -2  -3  -3   7  15  -4  -2  -2  -1 -14
V  -1  -2  -1  -4  -1  -1  -2  -3  -7   0  -2  -2   0  -3  -1  -1   0  -6  -4   4  -3  -1  -2 -14
B   0   0   1   9  -2   1   2   0   0  -2  -4   1  -2  -6   0   0   0 -11  -2  -3   5   2  -1 -14
Z   0   2   0   3  -1   1   1   1   0  -1  -3   2  -1  -5   0   0   0  -7  -2  -1   2   1  -1 -14
X  -2   0  -1  -1  -1   0  -1  -2  -2  -1  -3  -1  -1  -2  -1  -1  -1  -6  -1  -2  -1  -1  -1 -14
* -14 -14 -14 -14 -14 -14 -14 -14 -14 -14 -14 -14 -14 -14 -14 -14 -14 -14 -14 -14 -14 -14 -14   1
