#  LUTR910105
#  Structure-based comparison table for outside beta class (Luthy et al., 1991)
#  LIT:1712085 PMID:1881879
#  Luthy, R., McLachlan, A.D. and Eisenberg, D.
#  Secondary structure-based profiles: Use of structure-conserving scoring
#  tables in searching protein sequence databases for structural similarities
#  Proteins 10, 229-239 (1991)
#  rows = ARNDCQEGHILKMFPSTWYV, cols = ARNDCQEGHILKMFPSTWYV
    A   R   N   D   C   Q   E   G   H   I   L   K   M   F   P   S   T   W   Y   V   B   Z   X   *
A   5  -1  -1  -2  -5  -1  -1   1  -3  -1  -2  -2   0  -2   1   0   0  -1  -3  -1  -1  -1  -1  -9
R  -1   6  -1  -1  -7   0  -1   1  -2  -1  -2   1   0  -3  -1  -2   0  -7  -3  -2  -1  -1  -1  -9
N  -1  -1   3   1   1   0  -1  -2   2  -2  -3  -1  -1  -2   0  -1  -2  -7  -1  -3   2  -1  -1  -9
D  -2  -1   1   8  -6   0   1   0   2  -3  -5  -1  -2  -4  -1  -1  -1  -9  -3  -3   4   1  -2  -9
C  -5  -7   1  -6  33  -7  -7  -8  -8  -6  -8  -8  -4   2  -5   1  -2  -8  -6  -3  -3  -7  -3  -9
Q  -1   0   0   0  -7   6   1   0   0  -2  -3   0  -2  -3   0  -2   0  -8  -4  -2   0   3  -1  -9
E  -1  -1  -1   1  -7   1   5   0  -2  -2  -3   0  -2  -3  -3  -1  -1  -8  -3  -2   0   3  -2  -9
G   1   1  -2   0  -8   0   0  12  -2  -2  -5  -1  -1  -3  -3  -1  -1  -8  -4  -4  -1   0  -1  -9
H  -3  -2   2   2  -8   0  -2  -2  17  -3  -3  -5  -3  -1  -3  -3  -5  -8   3  -5   2  -1  -2  -9
I  -1  -1  -2  -3  -6  -2  -2  -2  -3   6   3  -3   1   1   1  -3  -1  -6  -3   2  -3  -2  -1  -9
L  -2  -2  -3  -5  -8  -3  -3  -5  -3   3   8  -4   2   1   0  -4  -3  -7  -1   1  -4  -3  -2  -9
K  -2   1  -1  -1  -8   0   0  -1  -5  -3  -4   6  -2  -3  -3  -2  -1  -4  -4  -2  -1   0  -2  -9
M   0   0  -1  -2  -4  -2  -2  -1  -3   1   2  -2   1   0   1  -1   0  -5  -2   1  -2  -2  -1  -9
F  -2  -3  -2  -4   2  -3  -3  -3  -1   1   1  -3   0   9   0  -3  -2   6   5  -1  -3  -3   0  -9
P   1  -1   0  -1  -5   0  -3  -3  -3   1   0  -3   1   0  11  -2  -1  -6   0   0   0  -2  -1  -9
S   0  -2  -1  -1   1  -2  -1  -1  -3  -3  -4  -2  -1  -3  -2   5   0  -3  -2  -2  -1  -2  -1  -9
T   0   0  -2  -1  -2   0  -1  -1  -5  -1  -3  -1   0  -2  -1   0   4  -7  -4  -1  -1   0  -1  -9
W  -1  -7  -7  -9  -8  -8  -8  -8  -8  -6  -7  -4  -5   6  -6  -3  -7  32   2  -4  -8  -8  -3  -9
Y  -3  -3  -1  -3  -6  -4  -3  -4   3  -3  -1  -4  -2   5   0  -2  -4   2  11  -3  -2  -4  -1  -9
V  -1  -2  -3  -3  -3  -2  -2  -4  -5   2   1  -2   1  -1   0  -2  -1  -4  -3   5  -3  -2  -2  -9
B  -1  -1   2   4  -3   0   0  -1   2  -3  -4  -1  -2  -3   0  -1  -1  -8  -2  -3   3   0  -1  -9
Z  -1  -1  -1   1  -7   3   3   0  -1  -2  -3   0  -2  -3  -2  -2   0  -8  -4  -2   0   3  -2  -9
X  -1  -1  -1  -2  -3  -1  -2  -1  -2  -1  -2  -2  -1   0  -1  -1  -1  -3  -1  -2  -1  -2  -2  -9
*  -9  -9  -9  -9  -9  -9  -9  -9  -9  -9  -9  -9  -9  -9  -9  -9  -9  -9  -9  -9  -9  -9  -9   1
