#  LUTR910102
#  Structure-based comparison table for inside other class (Luthy et al., 1991)
#  LIT:1712085 PMID:1881879
#  Luthy, R., McLachlan, A.D. and Eisenberg, D.
#  Secondary structure-based profiles: Use of structure-conserving scoring
#  tables in searching protein sequence databases for structural similarities
#  Proteins 10, 229-239 (1991)
#  rows = ARNDCQEGHILKMFPSTWYV, cols = ARNDCQEGHILKMFPSTWYV
    A   R   N   D   C   Q   E   G   H   I   L   K   M   F   P   S   T   W   Y   V   B   Z   X   *
A   2   1   1   1   0   1   1   1  -1  -1  -3   1  -2  -6  -2   1   1  -5  -2  -1   1   1  -1 -13
R   1   1   1   1  -3   1   1  -1   1  -2  -3   2  -2  -3  -3   1   1   0   0  -1   1   1   0 -13
N   1   1   1   1  -3   1   1   1   1  -1  -3   2  -2  -5  -3   1   1  -2  -1  -1   1   1  -1 -13
D   1   1   1   3  -4   1   2   1   1  -2  -4   2  -4  -6  -2   1   1  -4  -1  -2   2   2  -1 -13
C   0  -3  -3  -4  21  -2  -4  -9  -5  -5  -9  -6  -5  -9  -8  -3   0  -1  -2  -3  -4  -3  -3 -13
Q   1   1   1   1  -2   1   1   0   0  -2  -3   2  -2  -5  -2   1   1  -1  -1  -1   1   1   0 -13
E   1   1   1   2  -4   1   3   1  -1  -2  -4   2  -3  -8  -2   1   2  -5  -1  -2   2   2  -1 -13
G   1  -1   1   1  -9   0   1  11  -4  -5  -8   0  -8 -13  -3   1  -1  -6  -4  -5   1   1  -3 -13
H  -1   1   1   1  -5   0  -1  -4  14  -3  -5   1  -2  -3  -6  -1  -2  -5   1  -2   1  -1  -1 -13
I  -1  -2  -1  -2  -5  -2  -2  -5  -3   7   1  -2   4  -2  -7  -3  -1  -5  -1   3  -2  -2  -1 -13
L  -3  -3  -3  -4  -9  -3  -4  -8  -5   1   8  -4   2   0  -9  -6  -5  -5  -1   1  -4  -4  -3 -13
K   1   2   2   2  -6   2   2   0   1  -2  -4   7  -3  -8  -2   1   1  -5  -1  -2   2   2  -1 -13
M  -2  -2  -2  -4  -5  -2  -3  -8  -2   4   2  -3  13   0  -6  -5  -3  -5   0   2  -3  -3  -2 -13
F  -6  -3  -5  -6  -9  -5  -8 -13  -3  -2   0  -8   0  15  -7  -9  -9   2   4  -3  -6  -6  -4 -13
P  -2  -3  -3  -2  -8  -2  -2  -3  -6  -7  -9  -2  -6  -7  19  -3  -4 -11  -5  -5  -3  -2  -4 -13
S   1   1   1   1  -3   1   1   1  -1  -3  -6   1  -5  -9  -3   8   2  -7  -2  -3   1   1  -1 -13
T   1   1   1   1   0   1   2  -1  -2  -1  -5   1  -3  -9  -4   2   7  -7  -2  -1   1   1  -1 -13
W  -5   0  -2  -4  -1  -1  -5  -6  -5  -5  -5  -5  -5   2 -11  -7  -7  29  10  -2  -3  -3  -2 -13
Y  -2   0  -1  -1  -2  -1  -1  -4   1  -1  -1  -1   0   4  -5  -2  -2  10   5  -1  -1  -1   0 -13
V  -1  -1  -1  -2  -3  -1  -2  -5  -2   3   1  -2   2  -3  -5  -3  -1  -2  -1   5  -1  -1  -1 -13
B   1   1   1   2  -4   1   2   1   1  -2  -4   2  -3  -6  -3   1   1  -3  -1  -1   2   1  -1 -13
Z   1   1   1   2  -3   1   2   1  -1  -2  -4   2  -3  -6  -2   1   1  -3  -1  -1   1   2  -1 -13
X  -1   0  -1  -1  -3   0  -1  -3  -1  -1  -3  -1  -2  -4  -4  -1  -1  -2   0  -1  -1  -1  -2 -13
* -13 -13 -13 -13 -13 -13 -13 -13 -13 -13 -13 -13 -13 -13 -13 -13 -13 -13 -13 -13 -13 -13 -13   1
