#  LUTR910106
#  Structure-based comparison table for inside beta class (Luthy et al., 1991)
#  LIT:1712085 PMID:1881879
#  Luthy, R., McLachlan, A.D. and Eisenberg, D.
#  Secondary structure-based profiles: Use of structure-conserving scoring
#  tables in searching protein sequence databases for structural similarities
#  Proteins 10, 229-239 (1991)
#  rows = ARNDCQEGHILKMFPSTWYV, cols = ARNDCQEGHILKMFPSTWYV
    A   R   N   D   C   Q   E   G   H   I   L   K   M   F   P   S   T   W   Y   V   B   Z   X   *
A   3  -1   0   0  -1   0   1   2  -1  -3  -3   0  -1  -4   0   1   0  -7  -1  -3   0   0  -1 -12
R  -1  13   1  -2  -3   4  -2  -3   1  -5  -4   4  -1  -4  -6  -1   1   2   0  -4   0   1   0 -12
N   0   1   3   3   0   3   4   0   2  -5  -5   2  -1  -3  -4   2   1  -4   2  -5   3   3   0 -12
D   0  -2   3  18  -1   3   5  -2   4  -7  -8   6   0  -7  -8   3  -1  -7   0  -9  10   4   0 -12
C  -1  -3   0  -1  14   0  -2  -4  -2  -8  -8  -1  -7 -11  -3  -2  -4 -12  -4  -8  -1  -1  -3 -12
Q   0   4   3   3   0   9   2   0   2  -5  -4   4   0  -5  -5   1   0  -5   1  -5   3   5   0 -12
E   1  -2   4   5  -2   2  13   2   2  -6  -6   1   0  -3  -6   2   1  -6   2  -7   5   7   0 -12
G   2  -3   0  -2  -4   0   2  10  -2  -4  -4  -2   0  -5  -5   2   1  -9  -4  -4  -1   1  -2 -12
H  -1   1   2   4  -2   2   2  -2   3  -5  -5   2  -1   0  -5   1   0   3   3  -6   3   2   0 -12
I  -3  -5  -5  -7  -8  -5  -6  -4  -5   3   1  -4  -1  -4  -4  -4  -3  -3  -5   1  -6  -5  -3 -12
L  -3  -4  -5  -8  -8  -4  -6  -4  -5   1   5  -4  -1  -2  -2  -5  -4  -3  -4   1  -6  -5  -3 -12
K   0   4   2   6  -1   4   1  -2   2  -4  -4   7   0  -5  -5   1   0  -4   1  -4   4   2   0 -12
M  -1  -1  -1   0  -7   0   0   0  -1  -1  -1   0   7  -2  -5  -2  -1  -5  -1  -3   0   0  -1 -12
F  -4  -4  -3  -7 -11  -5  -3  -5   0  -4  -2  -5  -2  12  -4  -5  -5  -1   2  -4  -5  -4  -3 -12
P   0  -6  -4  -8  -3  -5  -6  -5  -5  -4  -2  -5  -5  -4  21  -2  -2  -9  -3  -4  -6  -6  -3 -12
S   1  -1   2   3  -2   1   2   2   1  -4  -5   1  -2  -5  -2   5   1  -6  -1  -5   2   1  -1 -12
T   0   1   1  -1  -4   0   1   1   0  -3  -4   0  -1  -5  -2   1   4  -3  -1  -3   0   0  -1 -12
W  -7   2  -4  -7 -12  -5  -6  -9   3  -3  -3  -4  -5  -1  -9  -6  -3  26   2  -5  -6  -5  -3 -12
Y  -1   0   2   0  -4   1   2  -4   3  -5  -4   1  -1   2  -3  -1  -1   2   7  -6   1   1   0 -12
V  -3  -4  -5  -9  -8  -5  -7  -4  -6   1   1  -4  -3  -4  -4  -5  -3  -5  -6   4  -7  -6  -4 -12
B   0   0   3  10  -1   3   5  -1   3  -6  -6   4   0  -5  -6   2   0  -6   1  -7   7   4   0 -12
Z   0   1   3   4  -1   5   7   1   2  -5  -5   2   0  -4  -6   1   0  -5   1  -6   4   6   0 -12
X  -1   0   0   0  -3   0   0  -2   0  -3  -3   0  -1  -3  -3  -1  -1  -3   0  -4   0   0  -2 -12
* -12 -12 -12 -12 -12 -12 -12 -12 -12 -12 -12 -12 -12 -12 -12 -12 -12 -12 -12 -12 -12 -12 -12   1
