#  MEHP950101
#  (Mehta et al., 1995)
#  LIT:2213135 PMID:8580842
#  Mehta, P.K., Heringa, J. and Argos, P.
#  A simple and fast approach to prediction of protein secondary structure from
#  multiply aligned sequences with accuracy above 70%
#  Protein Science 4, 2517-2525 (1995)
#  rows = ARNDCQEGHILKMFPSTWYV, cols = ARNDCQEGHILKMFPSTWYV
    A   R   N   D   C   Q   E   G   H   I   L   K   M   F   P   S   T   W   Y   V   B   Z   X   *
A   5   4   7   7  10   7   8   2   4   2   4   7   5  -2  -2   4   1  -3  -4   2   7   8   3 -15
R   4   1   0   4   5   2   3   0   1  -2   0   2  -1  -7  -8  -3  -3  -9  -6  -1   2   3  -1 -15
N   7   0   0   2   8   5   5  -1   3  -3  -1   3   0  -4  -7   0  -2  -3  -4  -1   1   5   0 -15
D   7   4   2   2  10   6   7   0   1  -2   0   4  -2  -5  -4  -1   0  -3  -7   0   2   7   1 -15
C  10   5   8  10   1  12  10   8  12   6  10   7   8   4   7   8   4  -6   0   8   9  11   7 -15
Q   7   2   5   6  12   4   6   2   5   0   0   5   2  -3  -2   2   0  -1  -4   1   5   5   2 -15
E   8   3   5   7  10   6   4   1   5  -1   0   5   0  -2  -1   0  -2  -4  -6   1   6   5   2 -15
G   2   0  -1   0   8   2   1  -4   2  -5  -3   1  -5  -8  -2  -2  -4 -10 -10  -1   0   2  -2 -15
H   4   1   3   1  12   5   5   2   0  -4   2   2   2  -2  -5   0  -1  -2  -5   0   2   5   1 -15
I   2  -2  -3  -2   6   0  -1  -5  -4  -3   0  -2   0  -7  -8  -3  -3 -12  -8  -4  -2   0  -3 -15
L   4   0  -1   0  10   0   0  -3   2   0   1   1   2  -3  -6   0  -3  -7  -5  -3   0   0  -1 -15
K   7   2   3   4   7   5   5   1   2  -2   1   3   0  -6  -8  -1  -3  -7  -5   0   4   5   0 -15
M   5  -1   0  -2   8   2   0  -5   2   0   2   0   1  -2 -10 -10  -1  -6  -4   0  -1   1  -1 -15
F  -2  -7  -4  -5   4  -3  -2  -8  -2  -7  -3  -6  -2  -5  -8  -6  -7  -8  -7  -6  -5  -3  -5 -15
P  -2  -8  -7  -4   7  -2  -1  -2  -5  -8  -6  -8 -10  -8  -6  -5  -5 -15 -11  -6  -5  -2  -6 -15
S   4  -3   0  -1   8   2   0  -2   0  -3   0  -1 -10  -6  -5  -2  -3  -8  -9  -2   0   1  -2 -15
T   1  -3  -2   0   4   0  -2  -4  -1  -3  -3  -3  -1  -7  -5  -3  -4  -7  -9  -4  -1  -1  -3 -15
W  -3  -9  -3  -3  -6  -1  -4 -10  -2 -12  -7  -7  -6  -8 -15  -8  -7  -2  -8 -10  -3  -3  -7 -15
Y  -4  -6  -4  -7   0  -4  -6 -10  -5  -8  -5  -5  -4  -7 -11  -9  -9  -8  -5  -8  -6  -5  -6 -15
V   2  -1  -1   0   8   1   1  -1   0  -4  -3   0   0  -6  -6  -2  -4 -10  -8  -4  -1   1  -2 -15
B   7   2   1   2   9   5   6   0   2  -2   0   4  -1  -5  -5   0  -1  -3  -6  -1   2   6   1 -15
Z   8   3   5   7  11   5   5   2   5   0   0   5   1  -3  -2   1  -1  -3  -5   1   6   5   2 -15
X   3  -1   0   1   7   2   2  -2   1  -3  -1   0  -1  -5  -6  -2  -3  -7  -6  -2   1   2  -1 -15
* -15 -15 -15 -15 -15 -15 -15 -15 -15 -15 -15 -15 -15 -15 -15 -15 -15 -15 -15 -15 -15 -15 -15   1
