#  MEHP950103
#  (Mehta et al., 1995)
#  LIT:2213135 PMID:8580842
#  Mehta, P.K., Heringa, J. and Argos, P.
#  A simple and fast approach to prediction of protein secondary structure from
#  multiply aligned sequences with accuracy above 70%
#  Protein Science 4, 2517-2525 (1995)
#  rows = ARNDCQEGHILKMFPSTWYV, cols = ARNDCQEGHILKMFPSTWYV
    A   R   N   D   C   Q   E   G   H   I   L   K   M   F   P   S   T   W   Y   V   B   Z   X   *
A  -3  -1  -2   2  -8  -2  -2   0  -1  -8  -7   0  -7  -4   8  -1  -2  -3  -3  -6   0  -2  -3 -13
R  -1   0   1   4  -4   0  -1   4  -1  -5  -4   0  -5   0   9   3   0   2   0  -3   3   0   0 -13
N  -2   1   3   6  -5   0  -1   9   1  -1   0   3   1   1  11   3   2   5   2  -1   5   0   2 -13
D   2   4   6   4  -6   1   1  10   7  -1   0   4   3   1  12   7   2   2   5  -1   5   1   3 -13
C  -8  -4  -5  -6  -5  -8  -7  -8  -9  -9 -11  -5 -13  -8  -2  -7  -5  -8  -8 -10  -6  -7  -7 -13
Q  -2   0   0   1  -8  -2  -2   2  -2  -5  -4  -1  -4   1   7   0  -3  -5   1  -4   1  -2  -1 -13
E  -2  -1  -1   1  -7  -2  -1   1  -2  -5  -5  -2  -1  -3   8   0  -3  -6  -2  -5   0  -1  -2 -13
G   0   4   9  10  -8   2   1   5   4  -1   0   4   0   1   9   4   3   5   5  -3  10   1   3 -13
H  -1  -1   1   7  -9  -2  -2   4  -1  -4  -6   1  -3  -1  11   3   3  -4  -2  -6   4  -2  -1 -13
I  -8  -5  -1  -1  -9  -5  -5  -1  -4  -7  -6  -2  -7  -9   1  -5  -4  -7  -6  -8  -1  -5  -5 -13
L  -7  -4   0   0 -11  -4  -5   0  -6  -6  -6  -3  -6  -6   1  -5  -3  -3  -7  -8   0  -5  -4 -13
K   0   0   3   4  -5  -1  -2   4   1  -2  -3   0  -2   3  13   3   0   5   0  -3   3  -2   1 -13
M  -7  -5   1   3 -13  -4  -1   0  -3  -7  -6  -2  -4  -5   2  -4  -3  -3  -3  -9   2  -2  -4 -13
F  -4   0   1   1  -8   1  -3   1  -1  -9  -6   3  -5  -3   7  -2  -2   1  -1  -9   1  -1  -2 -13
P   8   9  11  12  -2   7   8   9  11   1   1  13   2   7  14  10   8  17   6   3  11   8   8 -13
S  -1   3   3   7  -7   0   0   4   3  -5  -5   3  -4  -2  10   3   0  -1  -1  -5   5   0   0 -13
T  -2   0   2   2  -5  -3  -3   3   3  -4  -3   0  -3  -2   8   0   0  -5  -3  -4   2  -3  -1 -13
W  -3   2   5   2  -8  -5  -6   5  -4  -7  -3   5  -3   1  17  -1  -5  -4   2  -7   3  -6  -1 -13
Y  -3   0   2   5  -8   1  -2   5  -2  -6  -7   0  -3  -1   6  -1  -3   2  -3  -8   4  -1  -1 -13
V  -6  -3  -1  -1 -10  -4  -5  -3  -6  -8  -8  -3  -9  -9   3  -5  -4  -7  -8  -6  -1  -5  -5 -13
B   0   3   5   5  -6   1   0  10   4  -1   0   3   2   1  11   5   2   3   4  -1   5   0   3 -13
Z  -2   0   0   1  -7  -2  -1   1  -2  -5  -5  -2  -2  -1   8   0  -3  -6  -1  -5   0  -2  -2 -13
X  -3   0   2   3  -7  -1  -2   3  -1  -5  -4   1  -4  -2   8   0  -1  -1  -1  -5   3  -2  -1 -13
* -13 -13 -13 -13 -13 -13 -13 -13 -13 -13 -13 -13 -13 -13 -13 -13 -13 -13 -13 -13 -13 -13 -13   1
