#  MOHR870101
#  EMPAR matrix (Mohana Rao, 1987)
#  LIT:1304091 PMID:3570667
#  Mohana Rao, J.K.
#  New scoring matrix for amino acid residue exchanges based on residue
#  characteristic physical parameters
#  Int. J. Peptide Protein Res. 29, 276-281 (1987)
#  rows = ARNDCQEGHILKMFPSTWYV, cols = ARNDCQEGHILKMFPSTWYV
    A   R   N   D   C   Q   E   G   H   I   L   K   M   F   P   S   T   W   Y   V   B   Z   X   *
A  10  -3  -1  -1   2   2   0  -3   2  -1   2   0   2   0  -6   0   0   2  -1  -1  -1   1   0 -13
R  -3  10   0   0  -3   0  -1  -5   0 -10  -6   2  -6  -8  -6  -1  -1  -5  -5  -8   0  -1  -3 -13
N  -1   0  10   2  -1   2   0   0   0  -8  -5   2  -6  -6  -1   2   0  -3  -3  -8   6   1  -1 -13
D  -1   0   2  10  -3   2   2  -1  -1 -11  -6   2  -8 -10  -3   0  -1  -6  -5 -11   6   2  -2 -13
C   2  -3  -1  -3  10   0  -1  -3   0  -3   2  -1   0   0  -5   0   0   2   0  -3  -2  -1   0 -13
Q   2   0   2   2   0  10   2  -3   2  -6  -1   4  -1  -5  -5   0   0  -1  -3  -6   2   6   0 -13
E   0  -1   0   2  -1   2  10  -6   2 -10  -5   2  -3  -6  -8  -1  -3  -5  -6 -10   1   6  -2 -13
G  -3  -5   0  -1  -3  -3  -6  10  -5  -6  -6  -5 -10  -5   2   2   0  -3   0  -6  -1  -5  -3 -13
H   2   0   0  -1   0   2   2  -5  10  -3   0   2   0  -1  -8   0   0   0  -1  -1  -1   2   0 -13
I  -1 -10  -8 -11  -3  -6 -10  -6  -3  10   0 -10  -1   4 -11  -3   0   2   0   4 -10  -8  -3 -13
L   2  -6  -5  -6   2  -1  -5  -6   0   0  10  -5   2   2 -10  -3  -1   2  -1   0  -5  -3  -1 -13
K   0   2   2   2  -1   4   2  -5   2 -10  -5  10  -3  -6  -6   0  -1  -5  -5  -8   2   3  -1 -13
M   2  -6  -6  -8   0  -1  -3 -10   0  -1   2  -3  10   0 -13  -5  -3   0  -3  -1  -7  -2  -2 -13
F   0  -8  -6 -10   0  -5  -6  -5  -1   4   2  -6   0  10 -10  -3   0   2   0   2  -8  -5  -2 -13
P  -6  -6  -1  -3  -5  -5  -8   2  -8 -11 -10  -6 -13 -10  10   0  -3  -6  -3 -11  -2  -6  -5 -13
S   0  -1   2   0   0   0  -1   2   0  -3  -3   0  -5  -3   0  10   2   0   2  -3   1  -1   0 -13
T   0  -1   0  -1   0   0  -3   0   0   0  -1  -1  -3   0  -3   2  10   2   2   0  -1  -1   0 -13
W   2  -5  -3  -6   2  -1  -5  -3   0   2   2  -5   0   2  -6   0   2  10   2   2  -5  -3   0 -13
Y  -1  -5  -3  -5   0  -3  -6   0  -1   0  -1  -5  -3   0  -3   2   2   2  10   0  -4  -5  -1 -13
V  -1  -8  -8 -11  -3  -6 -10  -6  -1   4   0  -8  -1   2 -11  -3   0   2   0  10 -10  -8  -3 -13
B  -1   0   6   6  -2   2   1  -1  -1 -10  -5   2  -7  -8  -2   1  -1  -5  -4 -10   6   2  -2 -13
Z   1  -1   1   2  -1   6   6  -5   2  -8  -3   3  -2  -5  -6  -1  -1  -3  -5  -8   2   6  -1 -13
X   0  -3  -1  -2   0   0  -2  -3   0  -3  -1  -1  -2  -2  -5   0   0   0  -1  -3  -2  -1  -2 -13
* -13 -13 -13 -13 -13 -13 -13 -13 -13 -13 -13 -13 -13 -13 -13 -13 -13 -13 -13 -13 -13 -13 -13   1
