#  MUET020102
#  Substitution matrix (VTML250) obtained by maximum likelihood estimation
#  (Mueller et al., 2002)
#  11752185
#  Mueller, T., Spang, R. and Vingron, M.
#  Estimating amino acid substitution models: A comparison of Dayhoff's
#  estimator, the resolvent approach and a maximum likelihood method
#  Molecular Biology and Evolution 19, 8-13 (2002)
#  rows = ARNDCQEGHILKMFPSTWYV, cols = ARNDCQEGHILKMFPSTWYV
    A   R   N   D   C   Q   E   G   H   I   L   K   M   F   P   S   T   W   Y   V   B   Z   X   *
A   3  -2   0   0   2   0   0   2  -2  -2  -2  -2  -2  -4   0   2   2  -6  -4   0   0   0  -1 -10
R  -2   9   0  -2  -4   3   0  -2   2  -4  -4   5  -2  -6  -2   0  -2  -6  -4  -4  -1   2  -1 -10
N   0   0   7   3  -2   2   2   0   2  -6  -6   2  -4  -6  -2   2   0  -8  -2  -4   5   2  -1 -10
D   0  -2   3   9  -6   2   5   0   0  -8  -8   0  -6 -10   0   0   0 -10  -6  -6   6   3  -2 -10
C   2  -4  -2  -6  20  -4  -6  -2  -2   0  -4  -4   0  -4  -4   2   0  -8   0   2  -4  -5  -1 -10
Q   0   3   2   2  -4   5   3  -2   2  -4  -4   3  -2  -4   0   0   0  -8  -4  -4   2   4  -1 -10
E   0   0   2   5  -6   3   7  -2   0  -6  -6   2  -4  -8   0   0   0 -10  -4  -4   3   5  -2 -10
G   2  -2   0   0  -2  -2  -2  13  -2  -8  -8  -2  -6  -8  -2   0  -2  -8  -8  -6   0  -2  -3 -10
H  -2   2   2   0  -2   2   0  -2  11  -4  -4   0  -4   0  -2   0   0   0   3  -4   1   1   0 -10
I  -2  -4  -6  -8   0  -4  -6  -8  -4   7   5  -4   3   2  -6  -4   0  -2  -2   5  -7  -5  -2 -10
L  -2  -4  -6  -8  -4  -4  -6  -8  -4   5   7  -4   5   3  -4  -4  -2   0   0   3  -7  -5  -2 -10
K  -2   5   2   0  -4   3   2  -2   0  -4  -4   5  -2  -6   0   0   0  -6  -4  -4   1   2  -1 -10
M  -2  -2  -4  -6   0  -2  -4  -6  -4   3   5  -2   7   2  -4  -2   0  -4  -2   3  -5  -3  -1 -10
F  -4  -6  -6 -10  -4  -4  -8  -8   0   2   3  -6   2  13  -6  -4  -4   5   9   0  -8  -6  -2 -10
P   0  -2  -2   0  -4   0   0  -2  -2  -6  -4   0  -4  -6  13   0   0  -6  -8  -4  -1   0  -2 -10
S   2   0   2   0   2   0   0   0   0  -4  -4   0  -2  -4   0   3   2  -6  -2  -2   1   0  -1 -10
T   2  -2   0   0   0   0   0  -2   0   0  -2   0   0  -4   0   2   5  -8  -4   0   0   0  -1 -10
W  -6  -6  -8 -10  -8  -8 -10  -8   0  -2   0  -6  -4   5  -6  -6  -8  26   7  -6  -9  -9  -3 -10
Y  -4  -4  -2  -6   0  -4  -4  -8   3  -2   0  -4  -2   9  -8  -2  -4   7  14  -2  -4  -4  -1 -10
V   0  -4  -4  -6   2  -4  -4  -6  -4   5   3  -4   3   0  -4  -2   0  -6  -2   5  -5  -4  -2 -10
B   0  -1   5   6  -4   2   3   0   1  -7  -7   1  -5  -8  -1   1   0  -9  -4  -5   6   2  -2 -10
Z   0   2   2   3  -5   4   5  -2   1  -5  -5   2  -3  -6   0   0   0  -9  -4  -4   2   5  -1 -10
X  -1  -1  -1  -2  -1  -1  -2  -3   0  -2  -2  -1  -1  -2  -2  -1  -1  -3  -1  -2  -2  -1  -2 -10
* -10 -10 -10 -10 -10 -10 -10 -10 -10 -10 -10 -10 -10 -10 -10 -10 -10 -10 -10 -10 -10 -10 -10   1
