#  MUET020101
#  Substitution matrix (VTML160) obtained by maximum likelihood estimation
#  (Mueller et al., 2002)
#  PMID:11752185
#  Mueller, T., Spang, R. and Vingron, M.
#  Estimating amino acid substitution models: A comparison of Dayhoff's
#  estimator, the resolvent approach and a maximum likelihood method
#  Molecular Biology and Evolution 19, 8-13 (2002)
#  rows = ARNDCQEGHILKMFPSTWYV, cols = ARNDCQEGHILKMFPSTWYV
    A   R   N   D   C   Q   E   G   H   I   L   K   M   F   P   S   T   W   Y   V   B   Z   X   *
A   7  -2  -1  -1   2  -1  -1   0  -2  -1  -2  -1  -1  -4   0   2   2  -6  -4   0  -1  -1  -1  -9
R  -2  10   0  -4  -4   3  -1  -4   2  -5  -4   6  -2  -6  -2  -1  -1  -5  -4  -5  -2   1  -1  -9
N  -1   0  10   4  -4   0   0   0   2  -5  -5   0  -4  -6  -2   2   0  -6  -2  -5   7   0  -1  -9
D  -1  -4   4  10  -6   2   4  -1   0  -8  -8   0  -6  -9  -1   0  -1  -9  -6  -5   7   3  -2  -9
C   2  -4  -4  -6  18  -5  -6  -2  -2  -1  -5  -5  -1  -5  -4   2   0  -9  -1   2  -5  -6  -2  -9
Q  -1   3   0   2  -5   8   3  -4   3  -5  -2   3  -1  -5  -1   0  -1  -8  -5  -4   1   6  -1  -9
E  -1  -1   0   4  -6   3   8  -2  -1  -6  -5   2  -4  -8  -1   0  -1  -9  -4  -4   2   6  -2  -9
G   0  -4   0  -1  -2  -4  -2  11  -4  -9  -8  -2  -6  -8  -4   0  -2  -6  -6  -6   0  -3  -3  -9
H  -2   2   2   0  -2   3  -1  -4  12  -5  -4   0  -4   0  -2  -1  -1  -1   4  -4   1   1   0  -9
I  -1  -5  -5  -8  -1  -5  -6  -9  -5   8   4  -5   3   0  -5  -4  -1  -2  -2   6  -6  -6  -2  -9
L  -2  -4  -5  -8  -5  -2  -5  -8  -4   4   8  -4   6   3  -4  -4  -2  -1  -1   3  -6  -4  -2  -9
K  -1   6   0   0  -5   3   2  -2   0  -5  -4   7  -2  -6  -1  -1  -1  -6  -4  -4   0   2  -1  -9
M  -1  -2  -4  -6  -1  -1  -4  -6  -4   3   6  -2  11   2  -5  -4  -1  -5  -2   2  -5  -2  -1  -9
F  -4  -6  -6  -9  -5  -5  -8  -8   0   0   3  -6   2  12  -6  -4  -4   4   8  -1  -8  -6  -2  -9
P   0  -2  -2  -1  -4  -1  -1  -4  -2  -5  -4  -1  -5  -6  12   0  -1  -6  -8  -4  -2  -1  -2  -9
S   2  -1   2   0   2   0   0   0  -1  -4  -4  -1  -4  -4   0   6   3  -5  -2  -2   1   0  -1  -9
T   2  -1   0  -1   0  -1  -1  -2  -1  -1  -2  -1  -1  -4  -1   3   7  -8  -4   0   0  -1  -1  -9
W  -6  -5  -6  -9  -9  -8  -9  -6  -1  -2  -1  -6  -5   4  -6  -5  -8  22   6  -6  -8  -8  -3  -9
Y  -4  -4  -2  -6  -1  -5  -4  -6   4  -2  -1  -4  -2   8  -8  -2  -4   6  14  -4  -4  -4  -1  -9
V   0  -5  -5  -5   2  -4  -4  -6  -4   6   3  -4   2  -1  -4  -2   0  -6  -4   7  -5  -4  -2  -9
B  -1  -2   7   7  -5   1   2   0   1  -6  -6   0  -5  -8  -2   1   0  -8  -4  -5   7   2  -2  -9
Z  -1   1   0   3  -6   6   6  -3   1  -6  -4   2  -2  -6  -1   0  -1  -8  -4  -4   2   6  -1  -9
X  -1  -1  -1  -2  -2  -1  -2  -3   0  -2  -2  -1  -1  -2  -2  -1  -1  -3  -1  -2  -2  -1  -2  -9
*  -9  -9  -9  -9  -9  -9  -9  -9  -9  -9  -9  -9  -9  -9  -9  -9  -9  -9  -9  -9  -9  -9  -9   1
