#  NIEK910102
#  Structure-derived correlation matrix 2 (Niefind-Schomburg, 1991)
#  LIT:1713140 PMID:2051484
#  Niefind, K. and Schomburg, D.
#  Amino acid similarity coefficients for protein modeling and sequence
#  alignment derived from main-chain folding angles
#  J. Mol. Biol. 219, 481-497 (1991)
#  rows = ARNDCQEGHILKMFPSTWYV, cols = ARNDCQEGHILKMFPSTWYV
    A   R   N   D   C   Q   E   G   H   I   L   K   M   F   P   S   T   W   Y   V   B   Z   X   *
A  11   0  -6  -1  -6   3   8  -7  -4  -5   5   6   4  -4   0  -7 -10  -3 -10  -5  -3   5  -2 -10
R   0  11  -3  -3  -4   0   0  -4   1  -1  -1   1  -3   1  -4  -3  -3  -1  -2  -2  -3   0  -1 -10
N  -6  -3  11   3  -1  -4  -5   3  -1  -3  -5  -4  -3  -3  -3  -1  -2  -5  -1  -4   7  -4  -2 -10
D  -1  -3   3  11  -3   0  -1  -1  -2  -5  -2   0  -3  -6  -2  -1  -4  -4  -4  -5   7   0  -2 -10
C  -6  -4  -1  -3  11  -4  -6   0  -2  -4  -5  -6  -5  -3   0   3   0  -2   2  -3  -2  -5  -2 -10
Q   3   0  -4   0  -4  11   4  -6   0  -4   3   1   1  -5  -4  -4  -4  -4  -6  -2  -2   7  -1 -10
E   8   0  -5  -1  -6   4  11  -7  -3  -3   6   6   3  -5  -1  -7  -8  -3  -9  -3  -3   7  -1 -10
G  -7  -4   3  -1   0  -6  -7  11  -1  -5  -9  -6  -5  -2  -1   2   0  -3   1  -5   1  -7  -2 -10
H  -4   1  -1  -2  -2   0  -3  -1  11  -2  -3  -5  -2   1  -6  -2  -1  -2   0  -3  -1  -2  -1 -10
I  -5  -1  -3  -5  -4  -4  -3  -5  -2  11   2  -4   1   2  -9  -6   2  -1   0   7  -4  -3  -1 -10
L   5  -1  -5  -2  -5   3   6  -9  -3   2  11   3   4  -3  -5 -10  -6  -4  -8   1  -3   4  -1 -10
K   6   1  -4   0  -6   1   6  -6  -5  -4   3  11  -1  -4  -1  -4  -6  -1  -8  -4  -2   3  -1 -10
M   4  -3  -3  -3  -5   1   3  -5  -2   1   4  -1  11  -2  -6  -8  -6  -4  -6   0  -3   2  -2 -10
F  -4   1  -3  -6  -3  -5  -5  -2   1   2  -3  -4  -2  11  -6  -3   1   1   2   0  -5  -5  -1 -10
P   0  -4  -3  -2   0  -4  -1  -1  -6  -9  -5  -1  -6  -6  11   3  -4  -2  -4  -7  -2  -2  -2 -10
S  -7  -3  -1  -1   3  -4  -7   2  -2  -6 -10  -4  -8  -3   3  11   3  -1   3  -5  -1  -6  -2 -10
T -10  -3  -2  -4   0  -4  -8   0  -1   2  -6  -6  -6   1  -4   3  11   0   5   3  -3  -6  -2 -10
W  -3  -1  -5  -4  -2  -4  -3  -3  -2  -1  -4  -1  -4   1  -2  -1   0  11   0  -2  -5  -4  -2 -10
Y -10  -2  -1  -4   2  -6  -9   1   0   0  -8  -8  -6   2  -4   3   5   0  11   0  -3  -8  -2 -10
V  -5  -2  -4  -5  -3  -2  -3  -5  -3   7   1  -4   0   0  -7  -5   3  -2   0  11  -4  -3  -1 -10
B  -3  -3   7   7  -2  -2  -3   1  -1  -4  -3  -2  -3  -5  -2  -1  -3  -5  -3  -4   7  -2  -2 -10
Z   5   0  -4   0  -5   7   7  -7  -2  -3   4   3   2  -5  -2  -6  -6  -4  -8  -3  -2   7  -1 -10
X  -2  -1  -2  -2  -2  -1  -1  -2  -1  -1  -1  -1  -2  -1  -2  -2  -2  -2  -2  -1  -2  -1  -2 -10
* -10 -10 -10 -10 -10 -10 -10 -10 -10 -10 -10 -10 -10 -10 -10 -10 -10 -10 -10 -10 -10 -10 -10   1
