#  OVEJ920101
#  STR matrix from structure-based alignments (Overington et al., 1992)
#  LIT:1811128 PMID:1304904
#  Overington, J., Donnelly, D., Johnson, M.S., Sali, A. and Blundell, T.L.
#  Environment-specific amino acid substitution tables: tertiary templates
#  and prediction of protein folds
#  Protein Science 1, 216-226 (1992)
#  rows = ARNDCQEGHILKMFPSTWYV, cols = ARNDCQEGHILKMFPSTWYV
    A   R   N   D   C   Q   E   G   H   I   L   K   M   F   P   S   T   W   Y   V   B   Z   X   *
A   7  -1  -1  -1  -2   1   1   1  -2  -2  -2  -1   1  -4  -1   1  -1  -4  -4   1  -1   1   0 -11
R  -1  12  -1  -2  -2   3   1  -2   1  -4  -4   4  -5  -5  -2   1  -1  -2  -1  -4  -1   2  -1 -11
N  -1  -1   9   4  -8   1   1  -1   4  -4  -4   1  -2  -4  -2   1   1  -7  -1  -5   6   1  -1 -11
D  -1  -2   4  10 -10   1   4  -1   1  -4  -8  -1  -5  -7  -1   1  -1  -8  -4  -5   7   3  -2 -11
C  -2  -2  -8 -10  18  -4  -4  -8  -8  -5  -8  -5  -7  -2 -11  -5  -7  -8  -8  -5  -9  -4  -5 -11
Q   1   3   1   1  -4  10   4  -2   1  -7  -4   3   3  -5  -2  -1   1  -7  -4  -2   1   7   0 -11
E   1   1   1   4  -4   4   9  -2  -2  -4  -5   3  -2  -5  -1  -1   1  -8  -2  -2   3   6  -1 -11
G   1  -2  -1  -1  -8  -2  -2   9  -4  -7  -7  -4  -5  -8  -2  -1  -4  -5  -4  -5  -1  -2  -3 -11
H  -2   1   4   1  -8   1  -2  -4  13  -7  -4   1  -2  -2  -4  -2  -2  -4   1  -2   3  -1  -1 -11
I  -2  -4  -4  -4  -5  -7  -4  -7  -7  10   4  -4   3   3  -5  -4  -2  -2  -1   4  -4  -5  -2 -11
L  -2  -4  -4  -8  -8  -4  -5  -7  -4   4   9  -2   6   4  -4  -5  -4  -1  -2   3  -6  -4  -2 -11
K  -1   4   1  -1  -5   3   3  -4   1  -4  -2   9  -1  -4  -1  -1   1  -4  -2  -4   0   3   0 -11
M   1  -5  -2  -5  -7   3  -2  -5  -2   3   6  -1  13   1  -8  -5  -2  -2  -1   1  -4   0  -1 -11
F  -4  -5  -4  -7  -2  -5  -5  -8  -2   3   4  -4   1  12  -7  -4  -4   4   6  -1  -5  -5  -2 -11
P  -1  -2  -2  -1 -11  -2  -1  -2  -4  -5  -4  -1  -8  -7  12  -1  -1  -5  -8  -5  -1  -1  -3 -11
S   1   1   1   1  -5  -1  -1  -1  -2  -4  -5  -1  -5  -4  -1   7   3  -7  -2  -4   1  -1  -1 -11
T  -1  -1   1  -1  -7   1   1  -4  -2  -2  -4   1  -2  -4  -1   3   9  -7  -2  -1   0   1  -1 -11
W  -4  -2  -7  -8  -8  -7  -8  -5  -4  -2  -1  -4  -2   4  -5  -7  -7  16   4  -5  -7  -7  -3 -11
Y  -4  -1  -1  -4  -8  -4  -2  -4   1  -1  -2  -2  -1   6  -8  -2  -2   4  12  -1  -2  -3  -1 -11
V   1  -4  -5  -5  -5  -2  -2  -5  -2   4   3  -4   1  -1  -5  -4  -1  -5  -1   9  -5  -2  -2 -11
B  -1  -1   6   7  -9   1   3  -1   3  -4  -6   0  -4  -5  -1   1   0  -7  -2  -5   7   2  -1 -11
Z   1   2   1   3  -4   7   6  -2  -1  -5  -4   3   0  -5  -1  -1   1  -7  -3  -2   2   7  -1 -11
X   0  -1  -1  -2  -5   0  -1  -3  -1  -2  -2   0  -1  -2  -3  -1  -1  -3  -1  -2  -1  -1  -2 -11
* -11 -11 -11 -11 -11 -11 -11 -11 -11 -11 -11 -11 -11 -11 -11 -11 -11 -11 -11 -11 -11 -11 -11   1
