#
# This matrix was produced by "pam" Version 1.0.6 [28-Jul-93]
#
# PAM 100 substitution matrix, scale = ln(2)/2 = 0.346574
#
# Expected score = -1.99, Entropy = 1.18 bits
#
# Lowest score = -9, Highest score = 12
#
    A   R   N   D   C   Q   E   G   H   I   L   K   M   F   P   S   T   W   Y   V   B   Z   X   *
A   7  -2   0   0  -2  -1   2   3  -2  -1  -2  -2  -1  -5   3   3   3  -7  -4   2   0   0   0 -10
R  -2  11  -1  -4  -5   3  -2  -5   3  -2  -5   4   0  -6   0   0  -2   3  -6  -4  -2   0  -1 -10
N   0  -1   8   5  -5   0   3   0   4  -2  -4   3  -4  -5  -1   3   2  -5  -1  -2   7   2   0 -10
D   0  -4   5   8  -7   2   7   0   0  -4  -6   0  -5  -9  -2   0  -1 -10  -6  -4   7   4  -2 -10
C  -2  -5  -5  -7  13  -9  -9  -5  -4  -2  -9  -9  -7  -7  -4   0  -4 -10   0  -2  -6  -9  -4 -10
Q  -1   3   0   2  -9   9   4  -2   5  -4  -1   2  -1  -7   0  -1  -1  -7  -6  -2   1   7  -1 -10
E   2  -2   3   7  -9   4   8   0   0  -2  -5   0  -4  -9  -1   0  -1 -10  -5  -2   5   6  -1 -10
G   3  -5   0   0  -5  -2   0   8  -4  -5  -6  -2  -4  -6  -1   2  -1 -10  -7  -2   0  -1  -2 -10
H  -2   3   4   0  -4   5   0  -4  11  -4  -2  -1  -4  -2   0  -1  -2  -4   0  -2   2   3   0 -10
I  -1  -2  -2  -4  -2  -4  -2  -5  -4   9   3  -2   3   2  -4  -2   2  -7  -2   5  -3  -3  -1 -10
L  -2  -5  -4  -6  -9  -1  -5  -6  -2   3   9  -4   5   2  -4  -4  -2  -2  -2   2  -5  -3  -2 -10
K  -2   4   3   0  -9   2   0  -2  -1  -2  -4   8   2  -7  -2   0   0  -6  -6  -4   2   1  -1 -10
M  -1   0  -4  -5  -7  -1  -4  -4  -4   3   5   2  13   0  -4  -2   0  -6  -5   3  -4  -2  -1 -10
F  -5  -6  -5  -9  -7  -7  -9  -6  -2   2   2  -7   0  12  -6  -4  -5   0   7  -2  -7  -8  -3 -10
P   3   0  -1  -2  -4   0  -1  -1   0  -4  -4  -2  -4  -6  11   2   0  -7  -7  -2  -2   0  -1 -10
S   3   0   3   0   0  -1   0   2  -1  -2  -4   0  -2  -4   2   7   4  -2  -4  -1   2   0   0 -10
T   3  -2   2  -1  -4  -1  -1  -1  -2   2  -2   0   0  -5   0   4   8  -7  -4   2   0  -1  -1 -10
W  -7   3  -5 -10 -10  -7 -10 -10  -4  -7  -2  -6  -6   0  -7  -2  -7  17  -1 -10  -7  -9  -5 -10
Y  -4  -6  -1  -6   0  -6  -5  -7   0  -2  -2  -6  -5   7  -7  -4  -4  -1  13  -4  -4  -6  -3 -10
V   2  -4  -2  -4  -2  -2  -2  -2  -2   5   2  -4   3  -2  -2  -1   2 -10  -4   8  -3  -2  -1 -10
B   0  -2   7   7  -6   1   5   0   2  -3  -5   2  -4  -7  -2   2   0  -7  -4  -3   7   3  -1 -10
Z   0   0   2   4  -9   7   6  -1   3  -3  -3   1  -2  -8   0   0  -1  -9  -6  -2   3   6  -1 -10
X   0  -1   0  -2  -4  -1  -1  -2   0  -1  -2  -1  -1  -3  -1   0  -1  -5  -3  -1  -1  -1  -2 -10
* -10 -10 -10 -10 -10 -10 -10 -10 -10 -10 -10 -10 -10 -10 -10 -10 -10 -10 -10 -10 -10 -10 -10   1
