#
# This matrix was produced by "pam" Version 1.0.6 [28-Jul-93]
#
# PAM 250 substitution matrix, scale = ln(2)/3 = 0.231049
#
# Expected score = -0.844, Entropy = 0.354 bits
#
# Lowest score = -8, Highest score = 17
#
    A   R   N   D   C   Q   E   G   H   I   L   K   M   F   P   S   T   W   Y   V   B   Z   X   *
A   3  -3   0   0  -3   0   0   2  -1  -1  -3  -1  -1  -4   2   2   2  -9  -4   0   0   0  -1 -12
R  -3   9   0  -1  -6   2  -1  -4   3  -3  -4   5   0  -6   0   0  -1   3  -6  -3  -1   0  -1 -12
N   0   0   3   3  -6   2   2   0   3  -3  -4   2  -3  -4   0   2   0  -6  -3  -3   3   2  -1 -12
D   0  -1   3   6  -7   3   5   2   2  -3  -6   0  -4  -9  -1   0   0 -10  -6  -3   5   4  -1 -12
C  -3  -6  -6  -7  18  -7  -7  -4  -4  -3  -9  -7  -7  -6  -4   0  -3 -12   0  -3  -7  -7  -4 -12
Q   0   2   2   3  -7   6   3  -1   5  -3  -3   2  -1  -7   0  -1  -1  -7  -6  -3   2   5  -1 -12
E   0  -1   2   5  -7   3   6   0   2  -3  -4   0  -3  -7  -1   0   0 -10  -6  -3   3   5  -1 -12
G   2  -4   0   2  -4  -1   0   8  -3  -4  -6  -3  -4  -7   0   2   0 -10  -7  -1   1  -1  -2 -12
H  -1   3   3   2  -4   5   2  -3   9  -3  -3   0  -3  -3   0  -1  -1  -4   0  -3   2   3   0 -12
I  -1  -3  -3  -3  -3  -3  -3  -4  -3   8   3  -3   3   2  -3  -1   0  -7  -1   6  -3  -3  -1 -12
L  -3  -4  -4  -6  -9  -3  -4  -6  -3   3   9  -4   6   3  -4  -4  -3  -3  -1   3  -5  -4  -2 -12
K  -1   5   2   0  -7   2   0  -3   0  -3  -4   8   0  -7  -1   0   0  -4  -6  -3   1   1  -1 -12
M  -1   0  -3  -4  -7  -1  -3  -4  -3   3   6   0   9   0  -3  -3  -1  -6  -3   3  -4  -2  -1 -12
F  -4  -6  -4  -9  -6  -7  -7  -7  -3   2   3  -7   0  14  -7  -4  -4   0  11  -1  -7  -7  -2 -12
P   2   0   0  -1  -4   0  -1   0   0  -3  -4  -1  -3  -7   9   2   0  -9  -7  -1  -1  -1  -1 -12
S   2   0   2   0   0  -1   0   2  -1  -1  -4   0  -3  -4   2   3   2  -3  -4  -1   1  -1  -1 -12
T   2  -1   0   0  -3  -1   0   0  -1   0  -3   0  -1  -4   0   2   5  -7  -4   0   0  -1  -1 -12
W  -9   3  -6 -10 -12  -7 -10 -10  -4  -7  -3  -4  -6   0  -9  -3  -7  26   0  -9  -8  -9  -4 -12
Y  -4  -6  -3  -6   0  -6  -6  -7   0  -1  -1  -6  -3  11  -7  -4  -4   0  15  -3  -4  -6  -2 -12
V   0  -3  -3  -3  -3  -3  -3  -1  -3   6   3  -3   3  -1  -1  -1   0  -9  -3   6  -3  -3  -1 -12
B   0  -1   3   5  -7   2   3   1   2  -3  -5   1  -4  -7  -1   1   0  -8  -4  -3   4   3  -1 -12
Z   0   0   2   4  -7   5   5  -1   3  -3  -4   1  -2  -7  -1  -1  -1  -9  -6  -3   3   5  -1 -12
X  -1  -1  -1  -1  -4  -1  -1  -2   0  -1  -2  -1  -1  -2  -1  -1  -1  -4  -2  -1  -1  -1  -2 -12
* -12 -12 -12 -12 -12 -12 -12 -12 -12 -12 -12 -12 -12 -12 -12 -12 -12 -12 -12 -12 -12 -12 -12   1
