#
# This matrix was produced by "pam" Version 1.0.6 [28-Jul-93]
#
# PAM 30 substitution matrix, scale = ln(2)/2 = 0.346574
#
# Expected score = -5.06, Entropy = 2.57 bits
#
# Lowest score = -17, Highest score = 13
#
    A   R   N   D   C   Q   E   G   H   I   L   K   M   F   P   S   T   W   Y   V   B   Z   X   *
A   8  -3   0   1  -2   0   2   2  -3  -1  -2  -3  -1  -4   2   3   2  -8  -4   2   0   1   0 -11
R  -3  10  -2  -5  -4   2  -4  -4   2  -1  -4   3   0  -4   0   1  -2   2  -5  -4  -4  -1  -1 -11
N   0  -2  10   5  -6   1   2   1   3  -1  -3   2  -4  -4  -2   3   2  -4   0  -4   8   1   0 -11
D   1  -5   5  10  -9   2   5   1   0  -3  -7   0  -6  -9  -4   0  -1  -9  -6  -4   8   3  -2 -11
C  -2  -4  -6  -9  12  -9  -9  -4  -3  -2  -9  -9  -8  -8  -4   1  -4  -9   0  -2  -7  -9  -4 -11
Q   0   2   1   2  -9  10   4  -3   4  -4  -1   1   0  -8   1  -1  -1  -8  -7  -3   1   7  -1 -11
E   2  -4   2   5  -9   4  10   0  -1  -1  -4   0  -3  -9  -1   0  -2 -11  -4  -2   3   7  -1 -11
G   2  -4   1   1  -4  -3   0   8  -4  -6  -5  -3  -4  -4  -2   2  -2  -9  -9  -1   1  -1  -2 -11
H  -3   2   3   0  -3   4  -1  -4  11  -4  -2  -2  -5  -2   0  -2  -3  -3   1  -2   2   2  -1 -11
I  -1  -1  -1  -3  -2  -4  -1  -6  -4  10   2  -2   2   2  -4  -3   2  -9  -2   5  -2  -2  -1 -11
L  -2  -4  -3  -7  -9  -1  -4  -5  -2   2   9  -4   4   1  -3  -4  -3  -2  -3   2  -5  -3  -2 -11
K  -3   3   2   0  -9   1   0  -3  -2  -2  -4   9   2  -9  -2   0   1  -7  -4  -4   1   0  -1 -11
M  -1   0  -4  -6  -8   0  -3  -4  -5   2   4   2  13   0  -4  -1   0  -8  -6   2  -5  -1  -1 -11
F  -4  -4  -4  -9  -8  -8  -9  -4  -2   2   1  -9   0  11  -5  -2  -4   0   5  -4  -7  -8  -3 -11
P   2   0  -2  -4  -4   1  -1  -2   0  -4  -3  -2  -4  -5  10   2   0  -9  -8  -2  -3   0  -2 -11
S   3   1   3   0   1  -1   0   2  -2  -3  -4   0  -1  -2   2   8   3  -1  -3  -2   2  -1   0 -11
T   2  -2   2  -1  -4  -1  -2  -2  -3   2  -3   1   0  -4   0   3   9  -8  -2   1   0  -1  -1 -11
W  -8   2  -4  -9  -9  -8 -11  -9  -3  -9  -2  -7  -8   0  -9  -1  -8  14  -1  -9  -6  -9  -5 -11
Y  -4  -5   0  -6   0  -7  -4  -9   1  -2  -3  -4  -6   5  -8  -3  -2  -1  12  -3  -3  -5  -2 -11
V   2  -4  -4  -4  -2  -3  -2  -1  -2   5   2  -4   2  -4  -2  -2   1  -9  -3   9  -4  -2  -1 -11
B   0  -4   8   8  -7   1   3   1   2  -2  -5   1  -5  -7  -3   2   0  -6  -3  -4   8   2  -1 -11
Z   1  -1   1   3  -9   7   7  -1   2  -2  -3   0  -1  -8   0  -1  -1  -9  -5  -2   2   7  -1 -11
X   0  -1   0  -2  -4  -1  -1  -2  -1  -1  -2  -1  -1  -3  -2   0  -1  -5  -2  -1  -1  -1  -2 -11
* -11 -11 -11 -11 -11 -11 -11 -11 -11 -11 -11 -11 -11 -11 -11 -11 -11 -11 -11 -11 -11 -11 -11   1
