#
# This matrix was produced by "pam" Version 1.0.6 [28-Jul-93]
#
# PAM 500 substitution matrix, scale = ln(2)/7 = 0.0990210
#
# Expected score = -0.401, Entropy = 0.0803 bits
#
# Lowest score = -9, Highest score = 34
#
    A   R   N   D   C   Q   E   G   H   I   L   K   M   F   P   S   T   W   Y   V   B   Z   X   *
A   1  -2  -1   1  -3  -1   1   1  -1  -1  -2  -1  -2  -4   1   1   1  -8  -4  -1   0   0  -1 -11
R  -2   5   1  -1  -5   2  -1  -2   2  -3  -3   4  -1  -5  -1  -1  -1   4  -5  -3   0   1  -1 -11
N  -1   1   1   2  -4   1   1   1   1  -2  -3   1  -2  -5  -1   1  -1  -6  -4  -2   1   1  -1 -11
D   1  -1   2   3  -6   2   3   1   1  -3  -4   1  -3  -6  -1   1  -1  -9  -6  -2   2   2  -1 -11
C  -3  -5  -4  -6  25  -6  -6  -4  -5  -3  -8  -6  -6  -4  -3  -1  -3 -11   2  -3  -5  -6  -3 -11
Q  -1   2   1   2  -6   2   2  -1   2  -2  -3   1  -2  -5   1  -1  -1  -6  -5  -2   1   2  -1 -11
E   1  -1   1   3  -6   2   3   1   1  -3  -4   1  -2  -6  -1   1  -1  -9  -6  -2   2   2  -1 -11
G   1  -2   1   1  -4  -1   1   4  -2  -3  -4  -1  -3  -6   1   1   1 -10  -6  -2   1   0  -2 -11
H  -1   2   1   1  -5   2   1  -2   4  -3  -3   1  -2  -3  -1  -1  -1  -3  -1  -3   1   1  -1 -11
I  -1  -3  -2  -3  -3  -2  -3  -3  -3   3   4  -3   3   2  -2  -2  -1  -6  -1   3  -2  -2  -1 -11
L  -2  -3  -3  -4  -8  -3  -4  -4  -3   4   8  -3   4   4  -3  -3  -2  -2   1   3  -4  -4  -1 -11
K  -1   4   1   1  -6   1   1  -1   1  -3  -3   4  -1  -6  -1  -1  -1  -4  -6  -3   1   1  -1 -11
M  -2  -1  -2  -3  -6  -2  -2  -3  -2   3   4  -1   4   1  -2  -2  -1  -5  -2   2  -2  -2  -1 -11
F  -4  -5  -5  -6  -4  -5  -6  -6  -3   2   4  -6   1  15  -5  -4  -4   3  15  -1  -6  -6  -1 -11
P   1  -1  -1  -1  -3   1  -1   1  -1  -2  -3  -1  -2  -5   4   1   1  -8  -6  -2  -1   0  -1 -11
S   1  -1   1   1  -1  -1   1   1  -1  -2  -3  -1  -2  -4   1   1   1  -4  -4  -2   1   0  -1 -11
T   1  -1  -1  -1  -3  -1  -1   1  -1  -1  -2  -1  -1  -4   1   1   1  -8  -4  -1  -1  -1  -1 -11
W  -8   4  -6  -9 -11  -6  -9 -10  -3  -6  -2  -4  -5   3  -8  -4  -8  39   2  -8  -8  -8  -3 -11
Y  -4  -5  -4  -6   2  -5  -6  -6  -1  -1   1  -6  -2  15  -6  -4  -4   2  17  -2  -5  -6  -1 -11
V  -1  -3  -2  -2  -3  -2  -2  -2  -3   3   3  -3   2  -1  -2  -2  -1  -8  -2   3  -2  -2  -1 -11
B   0   0   1   2  -5   1   2   1   1  -2  -4   1  -2  -6  -1   1  -1  -8  -5  -2   2   1  -1 -11
Z   0   1   1   2  -6   2   2   0   1  -2  -4   1  -2  -6   0   0  -1  -8  -6  -2   1   2  -1 -11
X  -1  -1  -1  -1  -3  -1  -1  -2  -1  -1  -1  -1  -1  -1  -1  -1  -1  -3  -1  -1  -1  -1  -1 -11
* -11 -11 -11 -11 -11 -11 -11 -11 -11 -11 -11 -11 -11 -11 -11 -11 -11 -11 -11 -11 -11 -11 -11   1
