#
# This matrix was produced by "pam" Version 1.0.6 [28-Jul-93]
#
# PAM 150 substitution matrix, scale = ln(2)/2 = 0.346574
#
# Expected score = -1.25, Entropy = 0.754 bits
#
# Lowest score = -7, Highest score = 12
#
    A   R   N   D   C   Q   E   G   H   I   L   K   M   F   P   S   T   W   Y   V   B   Z   X   *
A   6  -2   1   1  -2  -1   1   3  -2  -1  -2  -2  -1  -5   3   3   3  -9  -4   1   1   0  -1 -10
R  -2  11  -1  -2  -5   3  -2  -4   3  -2  -4   6  -1  -5  -1  -1  -2   3  -5  -4  -1   0  -1 -10
N   1  -1   6   4  -5   1   3   1   4  -2  -4   3  -2  -5  -1   3   1  -5  -2  -2   5   2   0 -10
D   1  -2   4   7  -9   3   6   1   1  -4  -7  -1  -4  -9  -2   1  -1 -10  -5  -4   6   4  -2 -10
C  -2  -5  -5  -9  15  -9  -9  -5  -4  -2  -9  -9  -7  -7  -4   1  -4 -10   1  -2  -7  -9  -4 -10
Q  -1   3   1   3  -9   9   4  -2   6  -4  -2   1  -1  -7   1  -1  -1  -7  -5  -2   2   7  -1 -10
E   1  -2   3   6  -9   4   7  -1   1  -2  -5  -1  -2  -9  -1  -1  -1 -10  -5  -2   4   6  -1 -10
G   3  -4   1   1  -5  -2  -1   7  -4  -4  -5  -2  -4  -7  -1   3  -1 -10  -7  -2   1  -1  -2 -10
H  -2   3   4   1  -4   6   1  -4  11  -4  -2  -1  -4  -2  -1  -1  -2  -4   1  -4   3   3   0 -10
I  -1  -2  -2  -4  -2  -4  -2  -4  -4   9   3  -2   4   1  -4  -2   1  -7  -2   6  -3  -3  -1 -10
L  -2  -4  -4  -7  -9  -2  -5  -5  -2   3   9  -4   6   3  -4  -4  -2  -2  -2   3  -5  -4  -2 -10
K  -2   6   3  -1  -9   1  -1  -2  -1  -2  -4   7   1  -9  -2  -1   1  -5  -5  -4   1   0  -1 -10
M  -1  -1  -2  -4  -7  -1  -2  -4  -4   4   6   1  12  -1  -4  -2  -1  -7  -4   3  -3  -1  -1 -10
F  -5  -5  -5  -9  -7  -7  -9  -7  -2   1   3  -9  -1  12  -7  -4  -4  -1   9  -2  -7  -8  -3 -10
P   3  -1  -1  -2  -4   1  -1  -1  -1  -4  -4  -2  -4  -7  11   3   1  -9  -7  -2  -1   0  -2 -10
S   3  -1   3   1   1  -1  -1   3  -1  -2  -4  -1  -2  -4   3   4   3  -2  -4  -1   2  -1   0 -10
T   3  -2   1  -1  -4  -1  -1  -1  -2   1  -2   1  -1  -4   1   3   7  -7  -4   1   0  -1  -1 -10
W  -9   3  -5 -10 -10  -7 -10 -10  -4  -7  -2  -5  -7  -1  -9  -2  -7  20  -1  -9  -8  -9  -5 -10
Y  -4  -5  -2  -5   1  -5  -5  -7   1  -2  -2  -5  -4   9  -7  -4  -4  -1  14  -4  -4  -5  -2 -10
V   1  -4  -2  -4  -2  -2  -2  -2  -4   6   3  -4   3  -2  -2  -1   1  -9  -4   7  -3  -2  -1 -10
B   1  -1   5   6  -7   2   4   1   3  -3  -5   1  -3  -7  -1   2   0  -8  -4  -3   5   3  -1 -10
Z   0   0   2   4  -9   7   6  -1   3  -3  -4   0  -1  -8   0  -1  -1  -9  -5  -2   3   6  -1 -10
X  -1  -1   0  -2  -4  -1  -1  -2   0  -1  -2  -1  -1  -3  -2   0  -1  -5  -2  -1  -1  -1  -2 -10
* -10 -10 -10 -10 -10 -10 -10 -10 -10 -10 -10 -10 -10 -10 -10 -10 -10 -10 -10 -10 -10 -10 -10   1
