#
# This matrix was produced by "pam" Version 1.0.6 [28-Jul-93]
#
# PAM 80 substitution matrix, scale = ln(2)/2 = 0.346574
#
# Expected score = -2.55, Entropy = 1.44 bits
#
# Lowest score = -11, Highest score = 13
#
    A   R   N   D   C   Q   E   G   H   I   L   K   M   F   P   S   T   W   Y   V   B   Z   X   *
A   7  -3   1   1  -3   0   1   2  -3   0  -3  -3  -2  -4   2   3   3  -7  -4   2   1   0  -1 -11
R  -3  10   0  -4  -4   2  -3  -5   2  -2  -4   4   0  -5   0   1  -2   2  -6  -4  -2   0  -1 -11
N   1   0   8   5  -5   1   2   1   4  -2  -4   2  -3  -4  -2   3   2  -4  -2  -3   7   1   0 -11
D   1  -4   5   9  -9   2   7   1   1  -3  -6   0  -5  -9  -3   1   0 -10  -6  -4   7   4  -2 -11
C  -3  -4  -5  -9  13  -9  -9  -5  -4  -3  -9  -9  -7  -7  -4   1  -3 -10   0  -2  -7  -9  -4 -11
Q   0   2   1   2  -9  10   4  -3   4  -3  -2   1   0  -7   1  -2  -2  -7  -6  -3   1   7  -1 -11
E   1  -3   2   7  -9   4   9   0   0  -2  -5   0  -3  -9  -2   0  -2 -11  -5  -3   4   7  -2 -11
G   2  -5   1   1  -5  -3   0   9  -4  -5  -6  -3  -4  -5  -2   2   0 -10  -7  -2   1  -2  -2 -11
H  -3   2   4   1  -4   4   0  -4  11  -4  -3  -2  -4  -2   0  -2  -3  -3   1  -3   3   2  -1 -11
I   0  -2  -2  -3  -3  -3  -2  -5  -4  10   3  -3   3   2  -4  -3   1  -7  -2   5  -2  -2  -1 -11
L  -3  -4  -4  -6  -9  -2  -5  -6  -3   3   9  -4   4   2  -3  -4  -3  -2  -3   2  -5  -3  -2 -11
K  -3   4   2   0  -9   1   0  -3  -2  -3  -4   9   2  -9  -3   0   1  -6  -5  -4   1   0  -2 -11
M  -2   0  -3  -5  -7   0  -3  -4  -4   3   4   2  13   0  -4  -2   0  -6  -5   3  -4  -2  -1 -11
F  -4  -5  -4  -9  -7  -7  -9  -5  -2   2   2  -9   0  11  -6  -3  -4   0   7  -3  -6  -8  -3 -11
P   2   0  -2  -3  -4   1  -2  -2   0  -4  -3  -3  -4  -6  10   2   0  -9  -7  -2  -2   0  -2 -11
S   3   1   3   1   1  -2   0   2  -2  -3  -4   0  -2  -3   2   7   4  -2  -3  -2   2  -1   0 -11
T   3  -2   2   0  -3  -2  -2   0  -3   1  -3   1   0  -4   0   4   8  -7  -3   1   1  -2   0 -11
W  -7   2  -4 -10 -10  -7 -11 -10  -3  -7  -2  -6  -6   0  -9  -2  -7  17   0 -10  -7  -9  -5 -11
Y  -4  -6  -2  -6   0  -6  -5  -7   1  -2  -3  -5  -5   7  -7  -3  -3   0  13  -4  -4  -6  -2 -11
V   2  -4  -3  -4  -2  -3  -3  -2  -3   5   2  -4   3  -3  -2  -2   1 -10  -4   9  -3  -3  -1 -11
B   1  -2   7   7  -7   1   4   1   3  -2  -5   1  -4  -6  -2   2   1  -7  -4  -3   7   3  -1 -11
Z   0   0   1   4  -9   7   7  -2   2  -2  -3   0  -2  -8   0  -1  -2  -9  -6  -3   3   7  -1 -11
X  -1  -1   0  -2  -4  -1  -2  -2  -1  -1  -2  -2  -1  -3  -2   0   0  -5  -2  -1  -1  -1  -2 -11
* -11 -11 -11 -11 -11 -11 -11 -11 -11 -11 -11 -11 -11 -11 -11 -11 -11 -11 -11 -11 -11 -11 -11   1
