#
# This matrix was produced by "pam" Version 1.0.6 [28-Jul-93]
#
# PAM 10 substitution matrix, scale = ln(2)/2 = 0.346574
#
# Expected score = -8.27, Entropy = 3.43 bits
#
# Lowest score = -23, Highest score = 13
#
    A   R   N   D   C   Q   E   G   H   I   L   K   M   F   P   S   T   W   Y   V   B   Z   X   *
A   9  -2   0   1  -2   0   1   2  -3  -1  -1  -2  -1  -3   2   3   3  -9  -3   1   0   1   0 -11
R  -2  11  -1  -7  -3   2  -5  -4   2  -1  -3   3   0  -3   0   1  -2   1  -5  -3  -4  -2  -1 -11
N   0  -1  11   4  -7   0   1   1   3  -1  -2   2  -5  -3  -1   3   1  -3   0  -3   7   1   0 -11
D   1  -7   4  10  -9   1   5   1   0  -3  -8  -1  -7  -9  -3   0  -1  -9  -7  -3   7   3  -2 -11
C  -2  -3  -7  -9  11  -9  -9  -4  -2  -1  -9  -9  -9  -8  -3   1  -3 -10   0  -1  -8  -9  -4 -11
Q   0   2   0   1  -9  11   4  -2   3  -3  -1   1   0  -8   1  -1  -1  -8  -7  -2   0   7  -1 -11
E   1  -5   1   5  -9   4  10   0  -1  -1  -4   0  -2  -9  -1   0  -1 -11  -3  -2   3   7  -1 -11
G   2  -4   1   1  -4  -2   0   9  -4  -7  -5  -2  -3  -3  -2   2  -2  -9  -9  -1   1  -1  -2 -11
H  -3   2   3   0  -2   3  -1  -4  11  -4  -1  -2  -7  -1   0  -1  -3  -2   1  -1   2   1  -1 -11
I  -1  -1  -1  -3  -1  -3  -1  -7  -4  11   2  -1   3   1  -3  -2   1  -9  -1   4  -2  -2  -1 -11
L  -1  -3  -2  -8  -9  -1  -4  -5  -1   2   9  -3   3   1  -2  -3  -2  -1  -2   1  -5  -2  -2 -11
K  -2   3   2  -1  -9   1   0  -2  -2  -1  -3   9   2  -9  -2   0   1  -7  -3  -4   1   0  -1 -11
M  -1   0  -5  -7  -9   0  -2  -3  -7   3   3   2  13   0  -3  -1   0  -8  -7   2  -6  -1  -2 -11
F  -3  -3  -3  -9  -8  -8  -9  -3  -1   1   1  -9   0  11  -4  -1  -3   0   4  -3  -6  -8  -3 -11
P   2   0  -1  -3  -3   1  -1  -2   0  -3  -2  -2  -3  -4  10   2   0  -9  -9  -1  -2   0  -2 -11
S   3   1   3   0   1  -1   0   2  -1  -2  -3   0  -1  -1   2   9   3  -1  -2  -2   2   0   0 -11
T   3  -2   1  -1  -3  -1  -1  -2  -3   1  -2   1   0  -3   0   3  10  -8  -1   1   0  -1   0 -11
W  -9   1  -3  -9 -10  -8 -11  -9  -2  -9  -1  -7  -8   0  -9  -1  -8  13  -1 -10  -6  -9  -5 -11
Y  -3  -5   0  -7   0  -7  -3  -9   1  -1  -2  -3  -7   4  -9  -2  -1  -1  11  -2  -3  -5  -2 -11
V   1  -3  -3  -3  -1  -2  -2  -1  -1   4   1  -4   2  -3  -1  -2   1 -10  -2  10  -3  -2  -1 -11
B   0  -4   7   7  -8   0   3   1   2  -2  -5   1  -6  -6  -2   2   0  -6  -3  -3   7   2  -1 -11
Z   1  -2   1   3  -9   7   7  -1   1  -2  -2   0  -1  -8   0   0  -1  -9  -5  -2   2   7  -1 -11
X   0  -1   0  -2  -4  -1  -1  -2  -1  -1  -2  -1  -2  -3  -2   0   0  -5  -2  -1  -1  -1  -2 -11
* -11 -11 -11 -11 -11 -11 -11 -11 -11 -11 -11 -11 -11 -11 -11 -11 -11 -11 -11 -11 -11 -11 -11   1
