#
# This matrix was produced by "pam" Version 1.0.6 [28-Jul-93]
#
# PAM 400 substitution matrix, scale = ln(2)/5 = 0.138629
#
# Expected score = -0.521, Entropy = 0.139 bits
#
# Lowest score = -8, Highest score = 26
#
    A   R   N   D   C   Q   E   G   H   I   L   K   M   F   P   S   T   W   Y   V   B   Z   X   *
A   1  -2   0   1  -3   0   1   1  -2   0  -3  -2  -2  -4   1   1   1  -8  -4   0   0   0  -1 -11
R  -2   6   1   0  -6   1   0  -3   2  -3  -4   5   0  -6   0   0   0   4  -6  -3   0   0  -1 -11
N   0   1   1   2  -4   1   2   1   1  -2  -4   1  -2  -4   0   1   0  -6  -4  -2   2   2  -1 -11
D   1   0   2   4  -7   2   4   1   1  -3  -4   1  -3  -7   0   1   0 -10  -6  -3   3   3  -1 -11
C  -3  -6  -4  -7  22  -7  -7  -4  -4  -3  -8  -7  -7  -6  -3   0  -3 -11   1  -3  -6  -7  -4 -11
Q   0   1   1   2  -7   4   2   0   4  -3  -3   1  -2  -6   0   0   0  -7  -6  -2   2   3  -1 -11
E   1   0   2   4  -7   2   4   1   1  -3  -4   1  -3  -7   0   0   0 -10  -6  -2   3   3  -1 -11
G   1  -3   1   1  -4   0   1   5  -2  -3  -4  -2  -3  -7   0   1   1 -10  -7  -2   1   0  -2 -11
H  -2   2   1   1  -4   4   1  -2   6  -3  -3   1  -2  -3   0   0  -2  -3   0  -3   1   2  -1 -11
I   0  -3  -2  -3  -3  -3  -3  -3  -3   5   4  -3   2   2  -2  -2   0  -7   0   4  -2  -3  -1 -11
L  -3  -4  -4  -4  -8  -3  -4  -4  -3   4   9  -3   5   4  -3  -3  -2  -3   0   4  -4  -4  -1 -11
K  -2   5   1   1  -7   1   1  -2   1  -3  -3   5   0  -7   0   0   0  -4  -6  -3   1   1  -1 -11
M  -2   0  -2  -3  -7  -2  -3  -3  -2   2   5   0   6   1  -2  -2   0  -6  -2   2  -2  -2  -1 -11
F  -4  -6  -4  -7  -6  -6  -7  -7  -3   2   4  -7   1  14  -6  -4  -4   2  13   0  -6  -6  -2 -11
P   1   0   0   0  -3   0   0   0   0  -2  -3   0  -2  -6   6   1   1  -8  -7  -2   0   0  -1 -11
S   1   0   1   1   0   0   0   1   0  -2  -3   0  -2  -4   1   1   1  -4  -4  -2   1   0  -1 -11
T   1   0   0   0  -3   0   0   1  -2   0  -2   0   0  -4   1   1   1  -7  -4   0   0   0  -1 -11
W  -8   4  -6 -10 -11  -7 -10 -10  -3  -7  -3  -4  -6   2  -8  -4  -7  35   1  -8  -8  -8  -4 -11
Y  -4  -6  -4  -6   1  -6  -6  -7   0   0   0  -6  -2  13  -7  -4  -4   1  17  -3  -5  -6  -2 -11
V   0  -3  -2  -3  -3  -2  -2  -2  -3   4   4  -3   2   0  -2  -2   0  -8  -3   5  -2  -2  -1 -11
B   0   0   2   3  -6   2   3   1   1  -2  -4   1  -2  -6   0   1   0  -8  -5  -2   2   2  -1 -11
Z   0   0   2   3  -7   3   3   0   2  -3  -4   1  -2  -6   0   0   0  -8  -6  -2   2   3  -1 -11
X  -1  -1  -1  -1  -4  -1  -1  -2  -1  -1  -1  -1  -1  -2  -1  -1  -1  -4  -2  -1  -1  -1  -1 -11
* -11 -11 -11 -11 -11 -11 -11 -11 -11 -11 -11 -11 -11 -11 -11 -11 -11 -11 -11 -11 -11 -11 -11   1
