#
# This matrix was produced by "pam" Version 1.0.6 [28-Jul-93]
#
# PAM 50 substitution matrix, scale = ln(2)/2 = 0.346574
#
# Expected score = -3.70, Entropy = 2.00 bits
#
# Lowest score = -13, Highest score = 13
#
    A   R   N   D   C   Q   E   G   H   I   L   K   M   F   P   S   T   W   Y   V   B   Z   X   *
A   8  -2   1   1  -2   0   2   2  -2   0  -2  -2  -1  -4   3   3   3  -8  -3   2   1   1   0 -10
R  -2  11  -1  -4  -3   3  -4  -4   3  -1  -4   4   0  -5   0   1  -2   2  -5  -3  -3  -1  -1 -10
N   1  -1  10   5  -5   1   2   1   4  -1  -3   3  -3  -4  -1   4   2  -4   0  -3   7   1   0 -10
D   1  -4   5  10  -8   2   6   1   1  -3  -7   0  -5  -9  -3   1   0  -9  -6  -3   7   4  -2 -10
C  -2  -3  -5  -8  12  -8  -8  -4  -3  -2  -9  -8  -8  -7  -3   1  -3 -10   0  -2  -7  -8  -4 -10
Q   0   3   1   2  -8  11   5  -2   5  -3  -1   1   0  -7   1  -1  -1  -7  -6  -2   1   8  -1 -10
E   2  -4   2   6  -8   5  10   0   0  -1  -4   0  -2  -8  -1   0  -1 -10  -4  -2   4   7  -1 -10
G   2  -4   1   1  -4  -2   0   9  -4  -5  -6  -3  -4  -5  -1   2  -1  -9  -8  -1   1  -1  -2 -10
H  -2   3   4   1  -3   5   0  -4  12  -4  -2  -1  -5  -2   0  -1  -2  -3   1  -2   2   2  -1 -10
I   0  -1  -1  -3  -2  -3  -1  -5  -4  11   3  -2   3   2  -4  -2   2  -8  -2   6  -2  -2  -1 -10
L  -2  -4  -3  -7  -9  -1  -4  -6  -2   3   9  -3   5   2  -3  -4  -2  -2  -2   2  -5  -3  -2 -10
K  -2   4   3   0  -8   1   0  -3  -1  -2  -3   9   2  -8  -2   0   1  -6  -5  -4   1   0  -2 -10
M  -1   0  -3  -5  -8   0  -2  -4  -5   3   5   2  13   0  -3  -1   0  -7  -5   3  -4  -1  -1 -10
F  -4  -5  -4  -9  -7  -7  -8  -5  -2   2   2  -8   0  12  -5  -2  -4   0   6  -3  -7  -8  -3 -10
P   3   0  -1  -3  -3   1  -1  -1   0  -4  -3  -2  -3  -5  11   2   0  -8  -8  -1  -2   0  -2 -10
S   3   1   4   1   1  -1   0   2  -1  -2  -4   0  -1  -2   2   9   4  -1  -2  -1   2  -1   0 -10
T   3  -2   2   0  -3  -1  -1  -1  -2   2  -2   1   0  -4   0   4   9  -7  -2   1   1  -1   0 -10
W  -8   2  -4  -9 -10  -7 -10  -9  -3  -8  -2  -6  -7   0  -8  -1  -7  16  -1  -9  -7  -9  -5 -10
Y  -3  -5   0  -6   0  -6  -4  -8   1  -2  -2  -5  -5   6  -8  -2  -2  -1  12  -3  -3  -5  -2 -10
V   2  -3  -3  -3  -2  -2  -2  -1  -2   6   2  -4   3  -3  -1  -1   1  -9  -3  10  -3  -2  -1 -10
B   1  -3   7   7  -7   1   4   1   2  -2  -5   1  -4  -7  -2   2   1  -7  -3  -3   7   2  -1 -10
Z   1  -1   1   4  -8   8   7  -1   2  -2  -3   0  -1  -8   0  -1  -1  -9  -5  -2   2   7  -1 -10
X   0  -1   0  -2  -4  -1  -1  -2  -1  -1  -2  -2  -1  -3  -2   0   0  -5  -2  -1  -1  -1  -2 -10
* -10 -10 -10 -10 -10 -10 -10 -10 -10 -10 -10 -10 -10 -10 -10 -10 -10 -10 -10 -10 -10 -10 -10   1
