#  PRLA000102
#  Homologous structure dereived matrix (HSDM) for alignment of distantly
#  related sequences (Prlic et al., 2000)
#  PMID:10964983
#  Prlic, A., Domingues, F.S. and Sippl, M.J.
#  Structure-derived substitution matrices for alignment of distantly 
#  related sequences
#  Protein Eng. 13, 545-550 (2000)
#  rows = ARNDCQEGHILKMFPSTWYV, cols = ARNDCQEGHILKMFPSTWYV
    A   R   N   D   C   Q   E   G   H   I   L   K   M   F   P   S   T   W   Y   V   B   Z   X   *
A   5  -3  -2  -3   0  -3  -1   0  -3  -2  -1  -2   0  -3  -1   1   0  -3  -5   0  -2  -2  -1 -12
R  -3   9   0  -1  -7  -1   3  -4   0  -4  -3   4  -2  -5   1  -1   0   1  -1  -4   0   1  -1 -12
N  -2   0  10   4  -7   1  -1   1   2  -6  -6   1  -5  -7  -4   1   1  -7  -1  -6   7   0  -2 -12
D  -3  -1   4  11  -8   1   2  -4   0  -7  -8   1  -8  -6   1   2  -2  -6  -4  -7   8   2  -2 -12
C   0  -7  -7  -8  20  -3  -5  -6  -6   0  -1  -7   3   2  -7   1  -2  -3  -1   1  -7  -4  -2 -12
Q  -3  -1   1   1  -3   8   3  -1  -3  -4  -5   3  -2  -6   1   2   1  -5  -2  -5   1   5  -1 -12
E  -1   3  -1   2  -5   3   8  -2  -2  -6  -6   3  -4  -5  -1   0  -1  -7  -5  -5   1   6  -2 -12
G   0  -4   1  -4  -6  -1  -2  12  -2  -9  -7  -2  -6  -8  -2   0  -3  -5  -5  -6  -2  -1  -3 -12
H  -3   0   2   0  -6  -3  -2  -2  16  -5  -3   0  -4   0  -4  -3  -1  -6   1  -2   1  -2  -1 -12
I  -2  -4  -6  -7   0  -4  -6  -9  -5   7   4  -5   3   2  -4  -5  -3  -1   0   5  -6  -5  -2 -12
L  -1  -3  -6  -8  -1  -5  -6  -7  -3   4   6  -6   4   4  -3  -7  -3  -1   2   2  -7  -6  -2 -12
K  -2   4   1   1  -7   3   3  -2   0  -5  -6   8  -6  -7  -2  -1  -1  -6  -4  -4   1   3  -2 -12
M   0  -2  -5  -8   3  -2  -4  -6  -4   3   4  -6  10   2  -2  -4  -6   4  -5   1  -7  -3  -1 -12
F  -3  -5  -7  -6   2  -6  -5  -8   0   2   4  -7   2   9  -3  -5  -4   6   5   0  -6  -5  -1 -12
P  -1   1  -4   1  -7   1  -1  -2  -4  -4  -3  -2  -2  -3  14  -2   2 -12  -8  -3  -2   0  -2 -12
S   1  -1   1   2   1   2   0   0  -3  -5  -7  -1  -4  -5  -2   6   3  -5  -5  -3   2   1  -1 -12
T   0   0   1  -2  -2   1  -1  -3  -1  -3  -3  -1  -6  -4   2   3   6  -4  -3  -1   0   0  -1 -12
W  -3   1  -7  -6  -3  -5  -7  -5  -6  -1  -1  -6   4   6 -12  -5  -4  19   7  -2  -6  -6  -2 -12
Y  -5  -1  -1  -4  -1  -2  -5  -5   1   0   2  -4  -5   5  -8  -5  -3   7  11   0  -3  -3  -1 -12
V   0  -4  -6  -7   1  -5  -5  -6  -2   5   2  -4   1   0  -3  -3  -1  -2   0   5  -6  -5  -2 -12
B  -2   0   7   8  -7   1   1  -2   1  -6  -7   1  -7  -6  -2   2   0  -6  -3  -6   7   1  -2 -12
Z  -2   1   0   2  -4   5   6  -1  -2  -5  -6   3  -3  -5   0   1   0  -6  -3  -5   1   6  -1 -12
X  -1  -1  -2  -2  -2  -1  -2  -3  -1  -2  -2  -2  -1  -1  -2  -1  -1  -2  -1  -2  -2  -1  -2 -12
* -12 -12 -12 -12 -12 -12 -12 -12 -12 -12 -12 -12 -12 -12 -12 -12 -12 -12 -12 -12 -12 -12 -12   1
