#  QU_C930102
#  Cross-correlation coefficients of preference factors
#  side chain (Qu et al., 1993)
#  LIT:1906100 PMID:8381879
#  Qu, C., Lai, L., Xu, X. and Tang, Y.
#  Phyletic relationships of protein structures based on spatial prefernce
#  of residues
#  J. Mol. Evol. 36, 67-78 (1993)
#  rows = ARNDCQEGHILKMFPSTWYV, cols = ARNDCQEGHILKMFPSTWYV
    A   R   N   D   C   Q   E   G   H   I   L   K   M   F   P   S   T   W   Y   V   B   Z   X   *
A   7  -3  -4  -7   4   1  -8  -6   1   6   5  -3   5   5   2  -3   1   5   4   5  -6  -3   1 -10
R  -3   7   1  -7  -5  -3  -6  -6  -1  -5  -6   5  -6  -5  -5   4  -1  -4  -3  -6  -3  -4  -3 -10
N  -4   1   7   0  -6  -3  -1  -6  -2  -8  -9   0  -8  -7  -3   3   1  -6  -2  -9   3  -2  -3 -10
D  -7  -7   0   7  -6  -3   5  -6  -5  -9 -10  -7  -8  -8  -3  -3  -1  -7  -3  -9   3   1  -5 -10
C   4  -5  -6  -6   7  -1  -9  -6  -1   3   4  -6   6   5   1  -5  -2   4   5   4  -6  -5   0 -10
Q   1  -3  -3  -3  -1   7  -3  -6   2   1   0  -1   0   0   2  -2   2   0   1   0  -3   2   0 -10
E  -8  -6  -1   5  -9  -3   7  -6  -8  -8  -9  -7  -9  -9  -5  -4  -2  -9  -6  -9   2   2  -5 -10
G  -6  -6  -6  -6  -6  -6  -6  -6  -6  -6  -6  -6  -6  -6  -6  -6  -6  -6  -6  -6  -6  -6  -6 -10
H   1  -1  -2  -5  -1   2  -8  -6   7  -1  -2   0   0   1   2   1  -1   0   0  -3  -4  -3  -1 -10
I   6  -5  -8  -9   3   1  -8  -6  -1   7   7  -5   5   6   1  -5  -1   4   1   6  -8  -4   0 -10
L   5  -6  -9 -10   4   0  -9  -6  -2   7   7  -6   5   6   0  -6  -2   5   2   7  -9  -5   0 -10
K  -3   5   0  -7  -6  -1  -7  -6   0  -5  -6   7  -7  -6  -4   4   1  -5  -4  -6  -3  -4  -3 -10
M   5  -6  -8  -8   6   0  -9  -6   0   5   5  -7   7   6   1  -6  -2   4   4   5  -8  -5   0 -10
F   5  -5  -7  -8   5   0  -9  -6   1   6   6  -6   6   7   3  -4  -1   6   4   6  -8  -4   0 -10
P   2  -5  -3  -3   1   2  -5  -6   2   1   0  -4   1   3   7  -4  -1   2   2   0  -3  -2   0 -10
S  -3   4   3  -3  -5  -2  -4  -6   1  -5  -6   4  -6  -4  -4   7   2  -4  -2  -6   0  -3  -2 -10
T   1  -1   1  -1  -2   2  -2  -6  -1  -1  -2   1  -2  -1  -1   2   7   0   1  -1   0   0   0 -10
W   5  -4  -6  -7   4   0  -9  -6   0   4   5  -5   4   6   2  -4   0   7   4   5  -7  -5   0 -10
Y   4  -3  -2  -3   5   1  -6  -6   0   1   2  -4   4   4   2  -2   1   4   7   2  -3  -2   1 -10
V   5  -6  -9  -9   4   0  -9  -6  -3   6   7  -6   5   6   0  -6  -1   5   2   7  -9  -4   0 -10
B  -6  -3   3   3  -6  -3   2  -6  -4  -8  -9  -3  -8  -8  -3   0   0  -7  -3  -9   3  -1  -4 -10
Z  -3  -4  -2   1  -5   2   2  -6  -3  -4  -5  -4  -5  -4  -2  -3   0  -5  -2  -4  -1   2  -3 -10
X   1  -3  -3  -5   0   0  -5  -6  -1   0   0  -3   0   0   0  -2   0   0   1   0  -4  -3  -1 -10
* -10 -10 -10 -10 -10 -10 -10 -10 -10 -10 -10 -10 -10 -10 -10 -10 -10 -10 -10 -10 -10 -10 -10   1
