#  QU_C930103
#  The mutant distance based on spatial preference factor (Qu et al., 1993)
#  LIT:1906100 PMID:8381879
#  Qu, C., Lai, L., Xu, X. and Tang, Y.
#  Phyletic relationships of protein structures based on spatial prefernce
#  of residues
#  J. Mol. Evol. 36, 67-78 (1993)
#  rows = ARNDCQEGHILKMFPSTWYV, cols = ARNDCQEGHILKMFPSTWYV
    A   R   N   D   C   Q   E   G   H   I   L   K   M   F   P   S   T   W   Y   V   B   Z   X   *
A  10  -2  -4  -6   4  -2  -6  -2   2   4   4  -2   4   4   0  -2   0   2   2   4  -5  -4   0  -8
R  -2  10  -2  -8  -6  -6  -6  -2  -2  -6  -6   6  -6  -6  -4   0  -2  -6  -6  -6  -5  -6  -4  -8
N  -4  -2  10   0  -6  -4   0  -2  -2  -6  -6  -2  -6  -4   0   0   0  -6  -2  -6   5  -2  -3  -8
D  -6  -8   0  10  -6  -2   2  -6  -6  -6  -6  -6  -6  -6  -4  -2   2  -6  -4  -6   5   0  -4  -8
C   4  -6  -6  -6  10   0  -6  -4   2   2   4  -6   4   6   2  -4  -4   4   2   4  -6  -3   0  -8
Q  -2  -6  -4  -2   0  10  -2  -2   2  -2   0  -4  -2   0  -2  -2   0  -2  -2   0  -3   4  -1  -8
E  -6  -6   0   2  -6  -2  10  -8  -6  -6  -6  -4  -6  -6  -6  -2   0  -6  -4  -6   1   4  -4  -8
G  -2  -2  -2  -6  -4  -2  -8  10  -6  -6  -4  -8  -2  -6  -6  -4  -4  -8  -6  -2  -4  -5  -4  -8
H   2  -2  -2  -6   2   2  -6  -6  10   0  -2   0   0   2   2   0  -2   0   0  -2  -4  -2  -1  -8
I   4  -6  -6  -6   2  -2  -6  -6   0  10   6  -4   4   4   0  -6  -4   2   2   6  -6  -4  -1  -8
L   4  -6  -6  -6   4   0  -6  -4  -2   6  10  -6   6   6  -2  -6  -4   2   2   6  -6  -3   0  -8
K  -2   6  -2  -6  -6  -4  -4  -8   0  -4  -6  10  -6  -4  -4   0   0  -4  -4  -6  -4  -4  -3  -8
M   4  -6  -6  -6   4  -2  -6  -2   0   4   6  -6  10   4   0  -6  -4   2   2   6  -6  -4   0  -8
F   4  -6  -4  -6   6   0  -6  -6   2   4   6  -4   4  10   0  -6  -2   6   2   4  -5  -3   0  -8
P   0  -4   0  -4   2  -2  -6  -6   2   0  -2  -4   0   0  10  -4  -2   0   0  -2  -2  -4  -1  -8
S  -2   0   0  -2  -4  -2  -2  -4   0  -6  -6   0  -6  -6  -4  10   2  -4  -2  -6  -1  -2  -3  -8
T   0  -2   0   2  -4   0   0  -4  -2  -4  -4   0  -4  -2  -2   2  10  -2   0  -2   1   0  -1  -8
W   2  -6  -6  -6   4  -2  -6  -8   0   2   2  -4   2   6   0  -4  -2  10   4   4  -6  -4  -1  -8
Y   2  -6  -2  -4   2  -2  -4  -6   0   2   2  -4   2   2   0  -2   0   4  10   4  -3  -3   0  -8
V   4  -6  -6  -6   4   0  -6  -2  -2   6   6  -6   6   4  -2  -6  -2   4   4  10  -6  -3   0  -8
B  -5  -5   5   5  -6  -3   1  -4  -4  -6  -6  -4  -6  -5  -2  -1   1  -6  -3  -6   5  -1  -3  -8
Z  -4  -6  -2   0  -3   4   4  -5  -2  -4  -3  -4  -4  -3  -4  -2   0  -4  -3  -3  -1   4  -3  -8
X   0  -4  -3  -4   0  -1  -4  -4  -1  -1   0  -3   0   0  -1  -3  -1  -1   0   0  -3  -3  -2  -8
*  -8  -8  -8  -8  -8  -8  -8  -8  -8  -8  -8  -8  -8  -8  -8  -8  -8  -8  -8  -8  -8  -8  -8   1
