#  QUIB020101
#  STROMA score matrix for the alignment of known distant homologs
#  (Qian-Goldstein, 2002)
#  PMID:12211027
#  Qian, B. and Goldstein, R.A.
#  Optimization of a new score function for the generation of accurate 
#  alignments
#  Proteins. 48, 605-610 (2002)
#  rows = ARNDCQEGHILKMFPSTWYV, cols = ARNDCQEGHILKMFPSTWYV
    A   R   N   D   C   Q   E   G   H   I   L   K   M   F   P   S   T   W   Y   V   B   Z   X   *
A   3  -1   1   1   1  -1   1   1  -3  -1  -1  -1  -1  -4   0   2   2  -7  -4   2   1   0  -1 -24
R  -1   8   0  -1  -3   2   2  -1   1  -4  -4   5  -3  -6  -2  -1  -1  -4  -3  -6   0   2  -1 -24
N   1   0   3   4  -4   2   3   0   1  -5  -5   2  -5  -5  -1   1   1  -8  -2  -3   4   2  -1 -24
D   1  -1   4   8  -6   1   4   0   0  -6  -7   1  -6  -7  -1   2  -1 -11  -6  -5   6   3  -2 -24
C   1  -3  -4  -6  18  -5  -5  -3  -4  -6  -4  -6  -3  -2  -7   0  -1  -2  -2   0  -5  -5  -2 -24
Q  -1   2   2   1  -5   5   2  -2   1  -3  -3   3  -2  -4   1   0  -1  -6  -4  -4   1   3  -1 -24
E   1   2   3   4  -5   2   5   0  -1  -6  -4   1  -4 -24  -1   1   2  -9  -5  -3   4   3  -2 -24
G   1  -1   0   0  -3  -2   0  11  -4  -7  -7   0  -7  -9  -2   2  -2  -8  -9  -3   0  -1  -3 -24
H  -3   1   1   0  -4   1  -1  -4  10  -4  -5   1  -2  -3  -5  -1  -1  -3   4  -5   1   0  -1 -24
I  -1  -4  -5  -6  -6  -3  -6  -7  -4   6   5  -4   3   3  -5  -3  -1  -4  -1   6  -5  -4  -2 -24
L  -1  -4  -5  -7  -4  -3  -4  -7  -5   5   8  -4   4   5  -3  -2  -1  -3   0   5  -6  -3  -1 -24
K  -1   5   2   1  -6   3   1   0   1  -4  -4   5  -2  -6  -1   1   1  -6  -4  -3   1   2  -1 -24
M  -1  -3  -5  -6  -3  -2  -4  -7  -2   3   4  -2   8   2  -4  -3  -2  -2   0   2  -5  -3  -1 -24
F  -4  -6  -5  -7  -2  -4 -24  -9  -3   3   5  -6   2  11  -8  -5  -2   5   8   0  -6 -14  -3 -24
P   0  -2  -1  -1  -7   1  -1  -2  -5  -5  -3  -1  -4  -8  12   2   1  -9  -7  -3  -1   0  -2 -24
S   2  -1   1   2   0   0   1   2  -1  -3  -2   1  -3  -5   2   4   3  -6  -3  -6   2   1  -1 -24
T   2  -1   1  -1  -1  -1   2  -2  -1  -1  -1   1  -2  -2   1   3   0  -6  -2   1   0   0   0 -24
W  -7  -4  -8 -11  -2  -6  -9  -8  -3  -4  -3  -6  -2   5  -9  -6  -6  24   7  -5  -9  -7  -3 -24
Y  -4  -3  -2  -6  -2  -4  -5  -9   4  -1   0  -4   0   8  -7  -3  -2   7  12  -1  -4  -4  -1 -24
V   2  -6  -3  -5   0  -4  -3  -3  -5   6   5  -3   2   0  -3  -6   1  -5  -1   6  -4  -3  -1 -24
B   1   0   4   6  -5   1   4   0   1  -5  -6   1  -5  -6  -1   2   0  -9  -4  -4   5   2  -1 -24
Z   0   2   2   3  -5   3   3  -1   0  -4  -3   2  -3 -14   0   1   0  -7  -4  -3   2   3  -1 -24
X  -1  -1  -1  -2  -2  -1  -2  -3  -1  -2  -1  -1  -1  -3  -2  -1   0  -3  -1  -1  -1  -1  -1 -24
* -24 -24 -24 -24 -24 -24 -24 -24 -24 -24 -24 -24 -24 -24 -24 -24 -24 -24 -24 -24 -24 -24 -24   1
