#  RUSR970101
#  Substitution matrix based on structural alignments of analogous proteins
#  (Russell et al., 1997)
#  PMID:9199410
#  Russell, R.B., Saqi, M.A.S., Sayle, R.A., Bates, P.A. and Sternberg, M.J.E.
#  Recognition of analogous and homologous protein folds: Analysis of sequence
#  and structure conservation
#  Journal of Molecular Biology 269, 423-439 (1997)
#  rows = ARNDCQEGHILKMFPSTWYV, cols = ARNDCQEGHILKMFPSTWYV
    A   R   N   D   C   Q   E   G   H   I   L   K   M   F   P   S   T   W   Y   V   B   Z   X   *
A  -4   0  -2  -2   1   0   1   0  -3   0   3   0   4  -3   1  -2   0  -7   0  -3  -2   1  -1 -26
R   0  -2   1   3  -6  -4   1   1   1   0  -4   4  -9   6   0   1  -2  -9   3  -7   2  -2  -1 -26
N  -2   1  -2   1  -7   1   1   3   9  -7  -2   0  -3   0  -2   6   0  -6  -6  -3   0   1  -1 -26
D  -2   3   1  -4  -2   3   7   3   1  -7  -3  -2  -3  -6   3   3   3  -7  -2  -4  -2   5  -1 -26
C   1  -6  -7  -2  16   1 -13  -3   6  -3   4  -3   3  -3  -3  -9   1   0  -2   9  -4  -6  -1 -26
Q   0  -4   1   3   1  -2   7  -3  -2   0  -4   3  -3 -10   0  -2   3  -3   1   1   2   3  -1 -26
E   1   1   1   7 -13   7  -4   3 -17  -7  -3   1  -6  -7   0   1   1  -3  -4  -6   4   1  -2 -26
G   0   1   3   3  -3  -3   3  -2  -9  -2  -4   1   0  -3  -2   4  -2  -2   0  -6   3   0  -1 -26
H  -3   1   9   1   6  -2 -17  -9  -6   0   3   1   3  -2   1   0   6   1   3  -2   5 -10   0 -26
I   0   0  -7  -7  -3   0  -7  -2   0   1   3  -7   0   6   1  -3  -2   1   3   4  -7  -4  -1 -26
L   3  -4  -2  -3   4  -4  -3  -4   3   3  -6  -2  10   3  -2  -3  -6   4   3   7  -2  -4   0 -26
K   0   4   0  -2  -3   3   1   1   1  -7  -2  -2   0  -2   4  -2  -4   3  -2  -2  -1   2   0 -26
M   4  -9  -3  -3   3  -3  -6   0   3   0  10   0 -15  -2 -26  -6   3  -2   4   3  -3  -4  -2 -26
F  -3   6   0  -6  -3 -10  -7  -3  -2   6   3  -2  -2  -6   4  -4   3  14  -2   6  -3  -9   0 -26
P   1   0  -2   3  -3   0   0  -2   1   1  -2   4 -26   4  -3   6  -3   1  -6  -3   1   0  -1 -26
S  -2   1   6   3  -9  -2   1   4   0  -3  -3  -2  -6  -4   6 -16   4  -2   1   0   4   0  -1 -26
T   0  -2   0   3   1   3   1  -2   6  -2  -6  -4   3   3  -3   4  -2   3   0  -2   1   2   0 -26
W  -7  -9  -6  -7   0  -3  -3  -2   1   1   4   3  -2  14   1  -2   3   6 -19   1  -7  -3  -1 -26
Y   0   3  -6  -2  -2   1  -4   0   3   3   3  -2   4  -2  -6   1   0 -19  -7   3  -4  -2  -1 -26
V  -3  -7  -3  -4   9   1  -6  -6  -2   4   7  -2   3   6  -3   0  -2   1   3  -3  -4  -2   0 -26
B  -2   2   0  -2  -4   2   4   3   5  -7  -2  -1  -3  -3   1   4   1  -7  -4  -4  -1   3  -1 -26
Z   1  -2   1   5  -6   3   1   0 -10  -4  -4   2  -4  -9   0   0   2  -3  -2  -2   3   2  -2 -26
X  -1  -1  -1  -1  -1  -1  -2  -1   0  -1   0   0  -2   0  -1  -1   0  -1  -1   0  -1  -2  -1 -26
* -26 -26 -26 -26 -26 -26 -26 -26 -26 -26 -26 -26 -26 -26 -26 -26 -26 -26 -26 -26 -26 -26 -26   1
