#  RUSR970103
#  Substitution matrix based on structural alignments of analogous and remote homolous
#  proteins (Russell et al., 1997)
#  PMID:9199410
#  Russell, R.B., Saqi, M.A.S., Sayle, R.A., Bates, P.A. and Sternberg, M.J.E.
#  Recognition of analogous and homologous protein folds: Analysis of sequence and
#  structure conservation
#  Journal of Molecular Biology 269, 423-439 (1997)
#  rows = ARNDCQEGHILKMFPSTWYV, cols = ARNDCQEGHILKMFPSTWYV
    A   R   N   D   C   Q   E   G   H   I   L   K   M   F   P   S   T   W   Y   V   B   Z   X   *
A  -6   0  -2  -4   2  -2   0  -2  -2   0   2   0   2  -2  -2  -2  -2  -2  -2  -2  -3  -1  -1 -18
R   0  -2  -2  -2 -10   0   2   0   4   0  -6   4  -2  -4  -2  -2  -2  -2   4  -2  -2   1  -1 -18
N  -2  -2  -2   0  -4   4  -2   2   4 -16  -2  -2  -8   0   0   6   4  -4  -2  -2  -1   1  -1 -18
D  -4  -2   0  -2  -2   4   6   2   4  -8  -8   2  -6 -10   4   2   2 -12  -4  -4  -1   5  -2 -18
C   2 -10  -4  -2  23 -10 -18  -2   2 -10   2   2   0   4  -2  -8  -2   2   0   9  -3 -14  -1 -18
Q  -2   0   4   4 -10  -2   6  -2  -2  -2  -6   6  -2  -8  -2   0  -2  -4  -2  -2   4   2  -1 -18
E   0   2  -2   6 -18   6  -2   0  -4  -8  -2   4  -4 -12   0   2   0  -8  -4  -6   2   2  -2 -18
G  -2   0   2   2  -2  -2   0   0  -8  -4  -6   0  -2  -8   0  -2  -2  -4  -2  -4   2  -1  -2 -18
H  -2   4   4   4   2  -2  -4  -8   0  -4   2   4   4  -2   2  -4   4  -2   0  -4   4  -3   0 -18
I   0   0 -16  -8 -10  -2  -8  -4  -4  -2   9 -12   6   6  -2  -8  -2   6   2   9 -12  -5  -2 -18
L   2  -6  -2  -8   2  -6  -2  -6   2   9  -2  -6  11   6  -6  -2  -4   0  -2   6  -5  -4  -1 -18
K   0   4  -2   2   2   6   4   0   4 -12  -6  -4  -2  -4   0  -2   0  -2  -2  -2   0   5  -1 -18
M   2  -2  -8  -6   0  -2  -4  -2   4   6  11  -2 -12  -2  -2 -10   2   4   0   0  -7  -3  -1 -18
F  -2  -4   0 -10   4  -8 -12  -8  -2   6   6  -4  -2  -2   0  -2  -2   9   9   4  -5 -10  -1 -18
P  -2  -2   0   4  -2  -2   0   0   2  -2  -6   0  -2   0  -2   9   0   2  -4  -4   2  -1   0 -18
S  -2  -2   6   2  -8   0   2  -2  -4  -8  -2  -2 -10  -2   9  -8   4   2  -2  -2   4   1  -1 -18
T  -2  -2   4   2  -2  -2   0  -2   4  -2  -4   0   2  -2   0   4  -6  -2  -2  -2   3  -1  -1 -18
W  -2  -2  -4 -12   2  -4  -8  -4  -2   6   0  -2   4   9   2   2  -2  13   6  -2  -8  -6   0 -18
Y  -2   4  -2  -4   0  -2  -4  -2   0   2  -2  -2   0   9  -4  -2  -2   6  -4   2  -3  -3   0 -18
V  -2  -2  -2  -4   9  -2  -6  -4  -4   9   6  -2   0   4  -4  -2  -2  -2   2  -6  -3  -4  -1 -18
B  -3  -2  -1  -1  -3   4   2   2   4 -12  -5   0  -7  -5   2   4   3  -8  -3  -3  -1   3  -1 -18
Z  -1   1   1   5 -14   2   2  -1  -3  -5  -4   5  -3 -10  -1   1  -1  -6  -3  -4   3   2  -2 -18
X  -1  -1  -1  -2  -1  -1  -2  -2   0  -2  -1  -1  -1  -1   0  -1  -1   0   0  -1  -1  -2  -1 -18
* -18 -18 -18 -18 -18 -18 -18 -18 -18 -18 -18 -18 -18 -18 -18 -18 -18 -18 -18 -18 -18 -18 -18   1
