#  VOGG950101
#  (Vogt et al., 1995)
#  LIT:2114150 PMID:7602593
#  Vogt G, Etzold T, Argos P
#  An assessment of amino acid exchange matrices in aligning protein sequences:
#  the twilight zone revisited
#  J. Mol. Biol. 249, 816-831 (1995)
#  rows = ARNDCQEGHILKMFPSTWYV, cols = ARNDCQEGHILKMFPSTWYV
    A   R   N   D   C   Q   E   G   H   I   L   K   M   F   P   S   T   W   Y   V   B   Z   X   *
A   4  -1  -1  -1   1  -1   0   1  -2  -2  -2  -1  -2  -4   0   2   1  -7  -4   0  -1   0  -1 -10
R  -1   8   0  -1  -4   2   0  -2   1  -5  -4   5  -3  -6  -2  -1  -1  -3  -4  -4   0   1  -1 -10
N  -1   0   7   4  -4   1   1   0   2  -5  -6   1  -4  -6  -2   1   1  -7  -3  -4   5   1  -1 -10
D  -1  -1   4   8  -6   1   5   0   0  -7  -8   1  -6  -9  -2   1   0 -10  -5  -6   6   3  -2 -10
C   1  -4  -4  -6  21  -5  -6  -4  -3  -2  -3  -5  -2  -2  -6   0  -1  -2  -1   0  -5  -5  -2 -10
Q  -1   2   1   1  -5   5   3  -2   2  -4  -3   2  -2  -5  -1   0   0  -5  -3  -3   1   4  -1 -10
E   0   0   1   5  -6   3   6  -2   0  -5  -5   2  -4  -7  -1   0   0  -8  -5  -4   3   5  -2 -10
G   1  -2   0   0  -4  -2  -2  12  -3  -9  -8  -2  -7 -10  -3   0  -2  -8  -8  -6   0  -2  -3 -10
H  -2   1   2   0  -3   2   0  -3  11  -4  -4   1  -3   0  -2  -1  -1  -2   4  -4   1   1   0 -10
I  -2  -5  -5  -7  -2  -4  -5  -9  -4   7   5  -4   4   2  -5  -4  -1  -4  -2   5  -6  -4  -2 -10
L  -2  -4  -6  -8  -3  -3  -5  -8  -4   5   7  -4   5   3  -4  -4  -3  -2   0   3  -7  -4  -2 -10
K  -1   5   1   1  -5   2   2  -2   1  -4  -4   6  -3  -6  -1   0   0  -7  -4  -3   1   2  -1 -10
M  -2  -3  -4  -6  -2  -2  -4  -7  -3   4   5  -3   8   3  -5  -3  -1  -2  -1   3  -5  -3  -1 -10
F  -4  -6  -6  -9  -2  -5  -7 -10   0   2   3  -6   3  13  -7  -5  -4   6   9   0  -7  -6  -2 -10
P   0  -2  -2  -2  -6  -1  -1  -3  -2  -5  -4  -1  -5  -7  14   0   0  -9  -6  -4  -2  -1  -2 -10
S   2  -1   1   1   0   0   0   0  -1  -4  -4   0  -3  -5   0   4   2  -6  -4  -2   1   0  -1 -10
T   1  -1   1   0  -1   0   0  -2  -1  -1  -3   0  -1  -4   0   2   4  -7  -4   0   0   0  -1 -10
W  -7  -3  -7 -10  -2  -5  -8  -8  -2  -4  -2  -7  -2   6  -9  -6  -7  26   7  -5  -8  -7  -3 -10
Y  -4  -4  -3  -5  -1  -3  -5  -8   4  -2   0  -4  -1   9  -6  -4  -4   7  14  -2  -4  -4  -1 -10
V   0  -4  -4  -6   0  -3  -4  -6  -4   5   3  -3   3   0  -4  -2   0  -5  -2   6  -5  -3  -2 -10
B  -1   0   5   6  -5   1   3   0   1  -6  -7   1  -5  -7  -2   1   0  -8  -4  -5   6   2  -2 -10
Z   0   1   1   3  -5   4   5  -2   1  -4  -4   2  -3  -6  -1   0   0  -7  -4  -3   2   4  -1 -10
X  -1  -1  -1  -2  -2  -1  -2  -3   0  -2  -2  -1  -1  -2  -2  -1  -1  -3  -1  -2  -2  -1  -2 -10
* -10 -10 -10 -10 -10 -10 -10 -10 -10 -10 -10 -10 -10 -10 -10 -10 -10 -10 -10 -10 -10 -10 -10   1
