#  WEIL970102
#  Difference matrix obtained by subtracting the BLOSUM62 from the WAC
#  matrix (Wei et al., 1997)
#  PMID:9390315
#  Wei, L., Altman, R.B. and Chang, J.T.
#  Using the radial distributions of physical features to compare amino
#  acid environments and align amino acid sequences.
#  Pac. Symp. Biocomput. 1997 5, 465-476 (1997)
#  rows = ARNDCQEGHILKMFPSTWYV, cols = ARNDCQEGHILKMFPSTWYV
    A   R   N   D   C   Q   E   G   H   I   L   K   M   F   P   S   T   W   Y   V   B   Z   X   *
A  -3  -3   3  -3  -3   0  -9  -6   3   0   0  -3   3   3   0  -6  -3   7   3   0   0  -5  -1 -25
R  -3  -6  -3   0   3  -6  -6   0  -3   0   0  -3   0   0   3  -3   0   7   0   0  -1  -6  -1 -25
N   3  -3  -9  -6   7   0  -3  -3  -6   3   3  -3   3   3   3  -3   0   7   3   3  -8  -1   0 -25
D  -3   0  -6  -9   0  -6  -9  -6  -3  -6   0  -3   3  -6  -3  -6  -3   0  -3  -3  -8  -8  -4 -25
C  -3   3   7   0 -19   7   3   7   7   0   0   0   3   3   3   0   0   3   3   0   3   5   1 -25
Q   0  -6   0  -6   7  -6  -9   3  -3   7   3  -6   0   7   0  -3   3   3   3   0  -3  -8   0 -25
E  -9  -6  -3  -9   3  -9  -6  -3  -6  -6  -3  -9   0  -6  -3  -9  -3   0  -9  -9  -6  -8  -5 -25
G  -6   0  -3  -6   7   3  -3  -9   0   3   7   0   7   0   3  -3   3  -3   0   0  -5   0   0 -25
H   3  -3  -6  -3   7  -3  -6   0 -16   3   3   0   3   0   3  -3   0   3  -9   3  -5  -5  -1 -25
I   0   0   3  -6   0   7  -6   3   3  -3  -6   0   0  -3   7   0   0   7   0  -6  -1   0   0 -25
L   0   0   3   0   0   3  -3   7   3  -6  -3  -3  -3   0   7   0   0   7   0  -3   2   0   1 -25
K  -3  -3  -3  -3   0  -6  -9   0   0   0  -3  -6   0   0   0  -3   0   0  -3  -6  -3  -8  -2 -25
M   3   0   3   3   3   0   0   7   3   0  -3   0  -6   3   7   0   0   7   0  -3   3   0   1 -25
F   3   0   3  -6   3   7  -6   0   0  -3   0   0   3  -9  10  -3  -3  -6  -3   0  -1   0   0 -25
P   0   3   3  -3   3   0  -3   3   3   7   7   0   7  10 -13   0   0  10   3   3   0  -1   2 -25
S  -6  -3  -3  -6   0  -3  -9  -3  -3   0   0  -3   0  -3   0  -3  -3   3   0   0  -5  -6  -2 -25
T  -3   0   0  -3   0   3  -3   3   0   0   0   0   0  -3   0  -3  -6   0   0  -3  -1   0  -1 -25
W   7   7   7   0   3   3   0  -3   3   7   7   0   7  -6  10   3   0 -25  -6   7   3   2   1 -25
Y   3   0   3  -3   3   3  -9   0  -9   0   0  -3   0  -3   3   0   0  -6 -13   0   0  -3  -1 -25
V   0   0   3  -3   0   0  -9   0   3  -6  -3  -6  -3   0   3   0  -3   7   0  -3   0  -5  -1 -25
B   0  -1  -8  -8   3  -3  -6  -5  -5  -1   2  -3   3  -1   0  -5  -1   3   0   0  -8  -5  -2 -25
Z  -5  -6  -1  -8   5  -8  -8   0  -5   0   0  -8   0   0  -1  -6   0   2  -3  -5  -5  -8  -3 -25
X  -1  -1   0  -4   1   0  -5   0  -1   0   1  -2   1   0   2  -2  -1   1  -1  -1  -2  -3  -1 -25
* -25 -25 -25 -25 -25 -25 -25 -25 -25 -25 -25 -25 -25 -25 -25 -25 -25 -25 -25 -25 -25 -25 -25   1
