#  WEIL970101
#  WAC matrix constructed from amino acid comparative profiles (Wei et al., 1997)
#  PMID:9390315
#  Wei, L., Altman, R.B. and Chang, J.T.
#  Using the radial distributions of physical features to compare amino
#  acid environments and align amino acid sequences.
#  Pac. Symp. Biocomput. 1997 5, 465-476 (1997)
#  rows = ARNDCQEGHILKMFPSTWYV, cols = ARNDCQEGHILKMFPSTWYV
    A   R   N   D   C   Q   E   G   H   I   L   K   M   F   P   S   T   W   Y   V   B   Z   X   *
A  11  -3  -1  -6  -1  -1  -9  -3  -1  -1  -1  -3   2  -1  -1  -1  -1  -1  -1   2  -3  -5  -1 -12
R  -3  11  -1  -3  -3  -1  -3  -3  -1  -6  -3   5  -1  -6  -1  -3  -1  -1  -3  -6  -2  -2  -2 -12
N  -1  -1  11  -1  -1   2  -1  -1  -1  -3  -3  -1  -1  -3  -1   2   2  -3  -1  -3   5   1   0 -12
D  -6  -3  -1  11  -6  -3  -1  -6  -3 -12  -9  -3  -3 -12  -3  -3  -3  -9  -9  -9   5  -2  -5 -12
C  -1  -3  -1  -6  11  -1  -6  -1  -1  -1  -1  -6   2  -1  -3  -1  -1  -1  -1  -1  -3  -3  -1 -12
Q  -1  -1   2  -3  -1  11  -1  -1  -1  -1  -1  -1   2  -1  -1  -1   2  -1   2  -3  -1   5   0 -12
E  -9  -3  -1  -1  -6  -1  11  -6  -3 -12  -9  -3  -3 -12  -3  -6  -3  -6 -12 -12  -1   5  -5 -12
G  -3  -3  -1  -6  -1  -1  -6  11  -3  -6  -3  -3  -1  -6  -1  -1  -1  -6  -6  -6  -3  -3  -3 -12
H  -1  -1  -1  -3  -1  -1  -3  -3  11  -3  -3  -1  -1  -1  -1  -3  -3  -1  -1  -3  -2  -2  -1 -12
I  -1  -6  -3 -12  -1  -1 -12  -6  -3  11   2  -6   5  -1  -1  -3  -1  -1  -1   5  -8  -6  -2 -12
L  -1  -3  -3  -9  -1  -1  -9  -3  -3   2  11  -6   5   2  -1  -3  -1   2  -1   2  -6  -5  -1 -12
K  -3   5  -1  -3  -6  -1  -3  -3  -1  -6  -6  11  -1  -6  -1  -1  -1  -6  -6  -9  -2  -2  -3 -12
M   2  -1  -1  -3   2   2  -3  -1  -1   5   5  -1  11   5   2  -1  -1   5  -1   2  -2  -1   1 -12
F  -1  -6  -3 -12  -1  -1 -12  -6  -1  -1   2  -6   5  11  -1  -6  -6   5   2  -1  -8  -6  -2 -12
P  -1  -1  -1  -3  -3  -1  -3  -1  -1  -1  -1  -1   2  -1  11  -1  -1  -1  -3  -1  -2  -2  -1 -12
S  -1  -3   2  -3  -1  -1  -6  -1  -3  -3  -3  -1  -1  -6  -1  11   2  -3  -3  -3  -1  -3  -2 -12
T  -1  -1   2  -3  -1   2  -3  -1  -3  -1  -1  -1  -1  -6  -1   2  11  -3  -3  -1  -1  -1  -1 -12
W  -1  -1  -3  -9  -1  -1  -6  -6  -1  -1   2  -6   5   5  -1  -3  -3  11   2  -1  -6  -3  -1 -12
Y  -1  -3  -1  -9  -1   2 -12  -6  -1  -1  -1  -6  -1   2  -3  -3  -3   2  11  -1  -5  -5  -2 -12
V   2  -6  -3  -9  -1  -3 -12  -6  -3   5   2  -9   2  -1  -1  -3  -1  -1  -1  11  -6  -8  -2 -12
B  -3  -2   5   5  -3  -1  -1  -3  -2  -8  -6  -2  -2  -8  -2  -1  -1  -6  -5  -6   5  -1  -3 -12
Z  -5  -2   1  -2  -3   5   5  -3  -2  -6  -5  -2  -1  -6  -2  -3  -1  -3  -5  -8  -1   5  -3 -12
X  -1  -2   0  -5  -1   0  -5  -3  -1  -2  -1  -3   1  -2  -1  -2  -1  -1  -2  -2  -3  -3  -2 -12
* -12 -12 -12 -12 -12 -12 -12 -12 -12 -12 -12 -12 -12 -12 -12 -12 -12 -12 -12 -12 -12 -12 -12   1
