MA  0.1300   0.0000   0.8900   0.0300   0.1900   0.0000   0.0100   0.3900   0.0400   0.1300
MA  0.5000   0.9900   0.0600   0.7900   0.3700   0.0000   0.0300   0.1800   0.6000   0.4000
MA  0.1800   0.0000   0.0100   0.1300   0.4100   0.0100   0.9400   0.1800   0.1200   0.2200
MA  0.1900   0.0100   0.0400   0.0500   0.0300   0.9900   0.0200   0.2500   0.2400   0.2500
XX  
MA  0.2500   0.0800   0.2500   0.8300   0.0000   0.0000   1.0000   0.0000   0.0000   0.0000   0.0000   1.0000   0.0000   0.2100   0.1300   0.2100
MA  0.3300   0.4600   0.0000   0.0000   0.0000   0.0000   0.0000   1.0000   0.0000   0.0000   1.0000   0.0000   0.0800   0.3300   0.5300   0.4100
MA  0.2100   0.1300   0.6200   0.1700   0.0000   1.0000   0.0000   0.0000   1.0000   0.0000   0.0000   0.0000   0.0400   0.1700   0.1700   0.0000
MA  0.2100   0.3300   0.1300   0.0000   1.0000   0.0000   0.0000   0.0000   0.0000   1.0000   0.0000   0.0000   0.8800   0.2900   0.1700   0.3800
XX  
MA  0.1500   0.1200   0.1500   0.1500   0.0400   0.7700   0.0400   0.0400   0.0000   1.0000   0.2300
MA  0.1500   0.1900   0.5800   0.0000   0.0800   0.0000   0.0000   0.0400   0.8100   0.0000   0.0800
MA  0.1900   0.6100   0.0800   0.2300   0.8400   0.0800   0.8100   0.1900   0.1500   0.0000   0.3100
MA  0.5100   0.0800   0.1900   0.6200   0.0400   0.1500   0.1500   0.7300   0.0400   0.0000   0.3800
XX  
