MA  0.3700   0.4900   0.5100   0.5600   0.6400   0.0100   0.5800   0.0400   0.2500   0.1000   0.1300   0.1400   0.3100   0.4300   0.5100
MA  0.1400   0.1200   0.0000   0.0500   0.0800   0.8100   0.0500   0.3900   0.0000   0.2200   0.3000   0.0800   0.1700   0.3400   0.1400
MA  0.3600   0.0800   0.0000   0.1200   0.1400   0.1800   0.0400   0.2500   0.5500   0.0900   0.5700   0.1700   0.1800   0.1300   0.1200
MA  0.1300   0.3100   0.4900   0.2700   0.1400   0.0000   0.3300   0.3200   0.2000   0.5900   0.0000   0.6100   0.3400   0.1000   0.2300
XX  
MA  0.3100   0.3800   0.4400   0.0000   0.4200   0.0000   0.4100   0.0000   0.3000   0.2400
MA  0.2000   0.2300   0.5600   1.0000   0.0000   0.0000   0.0800   0.0000   0.2700   0.2400
MA  0.2400   0.0900   0.0000   0.0000   0.0000   0.0000   0.2000   0.3700   0.2700   0.2000
MA  0.2500   0.3000   0.0000   0.0000   0.5800   1.0000   0.3100   0.6300   0.1600   0.3200
XX  
MA  0.0000   0.0000   0.0000   0.0000   0.4800   0.0000   0.7800   0.7600   0.2600   0.2400   0.0700   0.0600   0.0000   0.1100   0.0000   0.3600
MA  0.0900   0.0000   1.0000   0.2700   0.1400   0.0000   0.0600   0.0600   0.2900   0.1600   0.0500   0.0500   1.0000   0.0800   0.5500   0.4600
MA  0.0000   0.0900   0.0000   0.0000   0.3200   1.0000   0.1100   0.1100   0.2800   0.3200   0.1100   0.0600   0.0000   0.3700   0.0900   0.1800
MA  0.9100   0.9100   0.0000   0.7300   0.0600   0.0000   0.0500   0.0700   0.1700   0.2800   0.7700   0.8300   0.0000   0.4400   0.3600   0.0000
XX  
