3.742245 
-0.466205 5.498608 
-1.575095 0.241678 5.607982 
-2.084252 -2.199988 1.851649 6.186426 
0.379935 -2.913363 -3.029066 -2.869372 9.107445 
-0.730747 1.112272 0.196886 0.240943 -2.907151 5.245888 
-0.163679 1.002542 0.017190 2.626224 -3.840866 2.006450 4.241862 
0.328394 -1.892684 0.152134 -0.648166 -2.904797 -1.768657 -1.581006 7.364288 
-2.034883 0.220336 0.971015 -0.647710 -2.973066 0.242127 0.040402 -1.781284 7.914519 
-0.433741 -2.839852 -2.780011 -3.402841 -0.852588 -2.835538 -3.537551 -3.720817 -3.148160 3.490220 
-1.482108 -1.742120 -3.141496 -4.084176 -0.650190 -1.884066 -2.105820 -4.082024 -2.747691 2.776182 3.983826 
-0.457294 3.700265 -0.417992 -0.927818 -2.923766 1.795349 1.138665 -1.762867 -0.759545 -3.044564 -1.876746 3.571804 
-0.528994 -0.758322 -2.392018 -2.826360 -0.893827 0.112052 -2.220148 -2.959045 -1.917975 1.386392 2.247174 -0.744657 4.834696 
-1.902199 -2.883332 -3.091118 -3.357100 -1.851962 -3.119641 -2.968336 -2.679397 -1.065458 0.432174 1.431692 -2.734462 -0.357100 5.997815 
-1.000000 -1.920540 -2.014083 -1.199048 -3.056414 -1.049726 -1.176394 -1.654707 -1.960919 -3.263124 -3.018464 -0.972791 -2.014083 -4.209398 7.244957 
1.429455 -0.875898 1.109917 0.080965 -0.939000 0.532921 -0.353904 0.395104 -0.988294 -2.279715 -2.179118 0.135927 -0.890083 -1.794249 -0.680526 3.404354 
0.068821 -1.001149 -0.346683 -1.126373 -0.800810 -0.608952 -0.340627 -1.721978 -1.921028 -1.185880 -0.744401 -1.199420 -1.346683 -1.841881 -0.760784 0.666538 4.388779 
-3.032490 -2.908463 -4.390461 -3.841161 -2.018239 -1.907727 -2.973608 -2.001374 -1.924947 -2.788693 -1.740691 -3.073775 -1.171005 1.266599 -3.951415 -2.993896 -1.974086 11.209619 
-1.859624 -1.899434 -1.939080 -2.953939 -2.029961 -0.998219 -1.629586 -2.972375 2.532991 -0.742085 -0.721984 -2.007240 -0.939080 2.923693 -3.001348 -1.819282 -1.985127 2.001102 7.163936 
-0.140139 -2.800880 -3.062641 -3.625942 -0.829259 -1.904578 -2.267744 -3.062900 -2.733960 3.679497 1.649919 -2.065677 0.937359 -0.832534 -1.902034 -1.948305 -0.251092 -3.127181 -1.340513 3.446203 
0.500000 12.544781 5.034224 
