3.631260 
-1.707714 2.795315 
-1.641534 -1.472177 4.539870 
0.749027 -2.350218 1.488137 4.700615 
-1.949635 0.678090 -1.510599 -1.605497 5.503218 
-2.396926 0.313251 0.360393 0.065185 -3.108826 5.389179 
1.053375 -2.235765 -0.043251 3.497559 -2.999262 1.729904 5.445966 
0.928899 0.479559 -2.736828 0.914691 1.009494 -2.139021 0.914633 4.174795 
-2.140666 3.490445 1.794377 1.671965 -1.593242 3.567293 0.286682 -2.202897 4.686515 
-1.813309 -1.175164 0.533888 -2.098040 -1.899926 -2.019952 -2.480169 -2.684264 -1.818194 3.898527 
-2.297569 -0.660207 -2.390847 -2.582907 -1.293032 -0.066228 -2.747605 -2.422729 -0.186060 1.258711 3.257953 
-1.927705 -0.196284 3.299231 0.304974 -3.228508 1.797071 1.849706 -2.217000 0.551072 0.493495 -2.437096 5.793074 
-2.138321 -0.372177 -0.060130 -2.553844 -2.701229 -1.229104 -1.881955 -2.344968 -1.803113 3.172421 1.362525 1.478246 5.406666 
-2.399970 -1.461848 -1.357083 -1.766484 1.825247 -2.194585 -3.004204 -1.920238 -1.131961 1.344133 1.971122 -2.935963 0.433516 4.413474 
0.800000 0.106155 -1.697338 -2.236395 -1.925774 0.898818 -2.214598 -2.018392 0.699829 -1.864790 -0.244013 -1.650252 -1.497338 -1.912739 3.921867 
-0.388572 0.003660 -0.432791 -2.155059 1.354471 -2.528258 -2.859079 -0.881647 -1.686971 -0.906638 -1.619642 -1.626973 -1.432791 -0.103885 0.174357 2.492329 
0.703292 -0.690865 0.667509 -2.261585 -1.888880 -1.758263 -2.138505 -2.148863 -1.806060 0.562022 -2.084254 0.850798 0.467509 -2.053651 0.917594 0.956672 3.964836 
-2.197057 1.716528 -3.174473 -2.949518 4.085692 -2.313108 -3.223759 1.299391 -2.137403 -2.208583 -0.339138 -3.056770 -1.993108 0.038709 -1.617520 0.710552 -2.200900 7.594695 
-2.434810 -1.894480 2.240667 2.031206 2.542243 -0.904691 -1.025988 -1.788094 2.274128 -1.614655 -1.663514 -0.752953 -3.159333 2.058069 -2.329768 0.161750 -2.098145 -0.496288 6.598067 
0.955323 -2.147622 -2.246891 0.950550 -2.191400 -2.103383 1.190794 0.624845 -2.144001 0.805390 1.023410 -2.225172 0.953109 1.082497 -2.143728 -2.335299 -2.273565 -2.130236 -2.197113 3.957792 
0.500000 11.188049 1.348046 