1.996486 
-1.003264 4.996833 
-0.004195 0.000061 2.997911 
-0.007157 -1.002290 1.997447 4.997649 
-1.000569 -1.000386 -1.000318 -2.999749 11.000052 
-1.006075 1.996872 0.000365 0.998512 -2.999968 4.998897 
-1.006470 -0.003950 0.994152 3.983972 -3.999843 1.999192 4.992971 
0.991281 -0.002998 -0.001928 0.993522 -1.000453 -1.001398 -0.007260 5.000724 
-2.000980 1.999328 0.999873 0.000692 -0.000355 1.999095 -0.001642 -2.001425 5.999946 
-0.005993 -3.002337 -2.002620 -3.003229 -1.999760 -3.001741 -3.001595 -3.002734 -3.000153 3.991766 
-1.008972 -3.002854 -3.003722 -4.005338 -2.999791 -2.003071 -4.002395 -4.002146 -2.001368 1.996813 4.984834 
-1.005706 3.997382 0.995349 -0.004373 -3.001058 1.997879 0.992193 -1.005497 0.998695 -3.002861 -3.003393 4.993136 
-1.000262 -1.999939 -2.002089 -3.001059 -2.000552 -2.000851 -3.000992 -3.001063 -2.000345 2.995633 2.998253 -2.001782 5.998393 
-3.001138 -4.000728 -3.002134 -5.001348 -0.000315 -4.000711 -5.000842 -5.001558 -0.000163 -0.001645 1.994137 -5.001637 -0.001348 7.990239 
1.000000 -1.002635 -1.002067 -2.000796 -2.000120 -0.001510 -2.002181 -1.002741 -0.000915 -2.002460 -0.006047 -2.002229 -2.002067 -3.001932 5.999900 
0.992246 -1.003834 0.997466 -0.003982 0.999059 -1.000591 -1.003540 0.993430 -1.001096 -1.004593 -2.006572 -1.003226 -1.002534 -2.003356 0.995830 1.994288 
1.993686 -1.002371 0.998311 -1.002764 -1.000589 -1.001617 -1.004547 -1.001726 -1.000735 0.994315 -1.006459 -1.004464 -0.001689 -2.001185 0.997429 0.995142 1.999043 
-3.999414 -0.000420 -5.002242 -5.001081 0.999838 -3.000196 -5.000994 -2.000849 -3.000040 -4.000105 -2.000739 -3.000012 -3.001535 -1.000208 -4.000937 -3.000331 -3.999651 14.999155 
-3.000821 -2.000488 -1.000870 -2.001296 1.999840 -2.000002 -4.000865 -4.000737 3.999017 -2.001652 -1.000975 -3.002263 -2.000870 4.994426 -3.000395 -1.001987 -3.000031 -0.000635 8.994807 
0.988437 -3.001688 -2.002372 -2.004978 -1.999906 -3.001812 -2.003746 -2.002272 -3.000699 3.985414 1.983438 -3.003762 1.997628 -0.000959 -1.005653 -1.004070 -0.005571 -2.999679 -3.000333 3.995692 
0.500000 11.952026 1.962581 