#  ALTS910101
#  The PAM-120 matrix (Altschul, 1991)
#  LIT:1713145 PMID:2051488
#  Altschul, S.F.
#  Amino acid substitution matrices from an information theoretic perspective
#  J. Mol. Biol. 219, 555-565 (1991)
#  rows = ARNDCQEGHILKMFPSTWYV, cols = ARNDCQEGHILKMFPSTWYV
    A   R   N   D   C   Q   E   G   H   I   L   K   M   F   P   S   T   W   Y   V   B   Z   X   *
A   6  -3   1   1  -3   0   1   3  -3   0  -3  -2  -2  -4   3   3   3  -9  -4   1   1   1  -1 -10
R  -3  10   0  -3  -4   3  -3  -4   3  -2  -4   4   0  -4   0   0  -2   3  -7  -3  -2   0  -1 -10
N   1   0   7   4  -6   1   3   1   4  -2  -4   3  -3  -4  -2   3   1  -6  -2  -3   6   2   0 -10
D   1  -3   4   8  -9   3   6   1   1  -3  -6   0  -4  -9  -2   1   0 -10  -6  -3   6   4  -1 -10
C  -3  -4  -6  -9  14  -9  -9  -6  -4  -3  -9  -9  -7  -7  -3   0  -3 -10   0  -2  -7  -9  -4 -10
Q   0   3   1   3  -9  10   4  -3   6  -3  -2   1   0  -7   1  -2  -2  -7  -6  -3   2   7  -1 -10
E   1  -3   3   6  -9   4   8   0   0  -3  -4   0  -4  -7   0   0  -2 -10  -4  -3   4   6  -1 -10
G   3  -4   1   1  -6  -3   0   8  -4  -4  -6  -3  -4  -6  -2   3   0 -10  -7  -2   1  -2  -2 -10
H  -3   3   4   1  -4   6   0  -4  11  -4  -3  -2  -4  -2   0  -2  -3  -6   0  -3   3   3  -1 -10
I   0  -2  -2  -3  -3  -3  -3  -4  -4  10   3  -2   3   1  -3  -2   1  -9  -2   6  -2  -3  -1 -10
L  -3  -4  -4  -6  -9  -2  -4  -6  -3   3   8  -4   6   1  -3  -4  -3  -6  -3   3  -5  -3  -2 -10
K  -2   4   3   0  -9   1   0  -3  -2  -2  -4   8   1  -7  -2   0   0  -6  -7  -4   1   1  -1 -10
M  -2   0  -3  -4  -7   0  -4  -4  -4   3   6   1  13   0  -3  -2   0  -9  -4   3  -4  -2  -1 -10
F  -4  -4  -4  -9  -7  -7  -7  -6  -2   1   1  -7   0  13  -6  -3  -4   0   7  -3  -6  -7  -3 -10
P   3   0  -2  -2  -3   1   0  -2   0  -3  -3  -2  -3  -6  10   3   0  -9  -7  -2  -2   1  -1 -10
S   3   0   3   1   0  -2   0   3  -2  -2  -4   0  -2  -3   3   6   4  -2  -3  -2   2  -1   0 -10
T   3  -2   1   0  -3  -2  -2   0  -3   1  -3   0   0  -4   0   4   7  -7  -3   1   1  -2  -1 -10
W  -9   3  -6 -10 -10  -7 -10 -10  -6  -9  -6  -6  -9   0  -9  -2  -7  18   0 -10  -8  -9  -5 -10
Y  -4  -7  -2  -6   0  -6  -4  -7   0  -2  -3  -7  -4   7  -7  -3  -3   0  13  -3  -4  -5  -2 -10
V   1  -3  -3  -3  -2  -3  -3  -2  -3   6   3  -4   3  -3  -2  -2   1 -10  -3   8  -3  -3  -1 -10
B   1  -2   6   6  -7   2   4   1   3  -2  -5   1  -4  -6  -2   2   1  -8  -4  -3   6   3  -1 -10
Z   1   0   2   4  -9   7   6  -2   3  -3  -3   1  -2  -7   1  -1  -2  -9  -5  -3   3   7  -1 -10
X  -1  -1   0  -1  -4  -1  -1  -2  -1  -1  -2  -1  -1  -3  -1   0  -1  -5  -2  -1  -1  -1  -2 -10
* -10 -10 -10 -10 -10 -10 -10 -10 -10 -10 -10 -10 -10 -10 -10 -10 -10 -10 -10 -10 -10 -10 -10   1
