#  Matrix made by matblas from blosum30.iij
#  * column uses minimum score
#  BLOSUM Clustered Scoring Matrix in 1/5 Bit Units
#  Blocks Database = /data/blocks_5.0/blocks.dat
#  Cluster Percentage: >= 30
#  Entropy =   0.1424, Expected =  -0.1074
    A   R   N   D   C   Q   E   G   H   I   L   K   M   F   P   S   T   W   Y   V   B   Z   X   *
A   5  -2  -1  -1  -5   1  -1  -1  -3  -1  -2  -1   1  -3  -2   1   1  -8  -6   1  -1   0  -1 -10
R  -2  11  -3  -2  -3   4  -2  -3  -2  -5  -3   1  -1  -2  -2  -2  -5  -1  -1  -2  -3   1  -1 -10
N  -1  -3  11   1  -2  -2  -2  -1  -2  -1  -3  -1  -1  -2  -5  -1   1 -10  -6  -3   6  -2  -2 -10
D  -1  -2   1  12  -5  -2   1  -2  -3  -6  -2  -1  -5  -8  -2  -1  -2  -6  -2  -3   6  -1  -2 -10
C  -5  -3  -2  -5  23  -3   1  -6  -8  -3  -1  -5  -3  -5  -5  -3  -3  -3  -9  -3  -3  -1  -3 -10
Q   1   4  -2  -2  -3  11   2  -3  -1  -3  -3  -1  -2  -5  -1  -2  -1  -2  -2  -5  -2   6  -1 -10
E  -1  -2  -2   1   1   2   8  -3  -1  -5  -2   2  -2  -6   1  -1  -3  -2  -3  -5  -1   5  -1 -10
G  -1  -3  -1  -2  -6  -3  -3  11  -5  -2  -3  -2  -3  -5  -2  -1  -3   1  -5  -5  -1  -3  -2 -10
H  -3  -2  -2  -3  -8  -1  -1  -5  19  -3  -2  -3   2  -5   1  -2  -3  -8  -1  -5  -3  -1  -2 -10
I  -1  -5  -1  -6  -3  -3  -5  -2  -3   8   2  -3   1  -1  -5  -2  -1  -5  -2   5  -3  -4  -2 -10
L  -2  -3  -3  -2  -1  -3  -2  -3  -2   2   5  -3   2   2  -5  -3  -1  -3   4   1  -3  -3  -1 -10
K  -1   1  -1  -1  -5  -1   2  -2  -3  -3  -3   5   2  -2   1  -1  -2  -3  -2  -3  -1   1  -1 -10
M   1  -1  -1  -5  -3  -2  -2  -3   2   1   2   2   8  -3  -6  -3  -1  -5  -2  -1  -3  -2  -1 -10
F  -3  -2  -2  -8  -5  -5  -6  -5  -5  -1   2  -2  -3  13  -6  -2  -3   1   4   1  -5  -6  -2 -10
P  -2  -2  -5  -2  -5  -1   1  -2   1  -5  -5   1  -6  -6  15  -2  -1  -5  -3  -6  -3   0  -2 -10
S   1  -2  -1  -1  -3  -2  -1  -1  -2  -2  -3  -1  -3  -2  -2   5   2  -5  -3  -2  -1  -1  -1 -10
T   1  -5   1  -2  -3  -1  -3  -3  -3  -1  -1  -2  -1  -3  -1   2   6  -8  -2   1  -1  -2  -1 -10
W  -8  -1 -10  -6  -3  -2  -2   1  -8  -5  -3  -3  -5   1  -5  -5  -8  28   6  -5  -8  -2  -2 -10
Y  -6  -1  -6  -2  -9  -2  -3  -5  -1  -2   4  -2  -2   4  -3  -3  -2   6  12   1  -4  -3  -1 -10
V   1  -2  -3  -3  -3  -5  -5  -5  -5   5   1  -3  -1   1  -6  -2   1  -5   1   6  -3  -5  -2 -10
B  -1  -3   6   6  -3  -2  -1  -1  -3  -3  -3  -1  -3  -5  -3  -1  -1  -8  -4  -3   6  -1  -2 -10
Z   0   1  -2  -1  -1   6   5  -3  -1  -4  -3   1  -2  -6   0  -1  -2  -2  -3  -5  -1   6  -1 -10
X  -1  -1  -2  -2  -3  -1  -1  -2  -2  -2  -1  -1  -1  -2  -2  -1  -1  -2  -1  -2  -2  -1  -2 -10
* -10 -10 -10 -10 -10 -10 -10 -10 -10 -10 -10 -10 -10 -10 -10 -10 -10 -10 -10 -10 -10 -10 -10   1
