#  Matrix made by matblas from blosum62.iij
#  * column uses minimum score
#  BLOSUM Clustered Scoring Matrix in 1/2 Bit Units
#  Blocks Database = /data/blocks_5.0/blocks.dat
#  Cluster Percentage: >= 62
#  Entropy =   0.6979, Expected =  -0.5209
    A   R   N   D   C   Q   E   G   H   I   L   K   M   F   P   S   T   W   Y   V   B   Z   X   *
A   8  -2  -3  -3   0  -2  -2   0  -3  -2  -2  -2  -2  -3  -2   2   0  -5  -3   0  -3  -2  -1  -7
R  -2  10   0  -3  -5   2   0  -3   0  -5  -3   4  -2  -5  -3  -2  -2  -5  -3  -5  -2   1  -2  -7
N  -3   0  12   2  -5   0   0   0   2  -5  -5   0  -3  -5  -3   2   0  -7  -3  -5   7   0  -1  -7
D  -3  -3   2  12  -5   0   4  -2  -2  -5  -7  -2  -5  -5  -2   0  -2  -7  -5  -5   7   2  -2  -7
C   0  -5  -5  -5  18  -5  -7  -5  -5  -2  -2  -5  -2  -3  -5  -2  -2  -3  -3  -2  -5  -6  -3  -7
Q  -2   2   0   0  -5  10   4  -3   0  -5  -3   2   0  -5  -2   0  -2  -3  -2  -3   0   7  -1  -7
E  -2   0   0   4  -7   4  10  -3   0  -5  -5   2  -3  -5  -2   0  -2  -5  -3  -3   2   7  -1  -7
G   0  -3   0  -2  -5  -3  -3  12  -3  -7  -7  -3  -5  -5  -3   0  -3  -3  -5  -5  -1  -3  -3  -7
H  -3   0   2  -2  -5   0   0  -3  16  -5  -5  -2  -3  -2  -3  -2  -3  -3   4  -5   0   0  -1  -7
I  -2  -5  -5  -5  -2  -5  -5  -7  -5   8   4  -5   2   0  -5  -3  -2  -5  -2   6  -5  -5  -2  -7
L  -2  -3  -5  -7  -2  -3  -5  -7  -5   4   8  -3   4   0  -5  -3  -2  -3  -2   2  -6  -4  -2  -7
K  -2   4   0  -2  -5   2   2  -3  -2  -5  -3  10  -2  -5  -2   0  -2  -5  -3  -3  -1   2  -1  -7
M  -2  -2  -3  -5  -2   0  -3  -5  -3   2   4  -2  10   0  -3  -2  -2  -2  -2   2  -4  -2  -1  -7
F  -3  -5  -5  -5  -3  -5  -5  -5  -2   0   0  -5   0  12  -7  -3  -3   2   6  -2  -5  -5  -2  -7
P  -2  -3  -3  -2  -5  -2  -2  -3  -3  -5  -5  -2  -3  -7  14  -2  -2  -7  -5  -3  -2  -2  -3  -7
S   2  -2   2   0  -2   0   0   0  -2  -3  -3   0  -2  -3  -2   8   2  -5  -3  -3   1   0  -1  -7
T   0  -2   0  -2  -2  -2  -2  -3  -3  -2  -2  -2  -2  -3  -2   2  10  -3  -3   0  -1  -2  -1  -7
W  -5  -5  -7  -7  -3  -3  -5  -3  -3  -5  -3  -5  -2   2  -7  -5  -3  21   4  -5  -7  -4  -3  -7
Y  -3  -3  -3  -5  -3  -2  -3  -5   4  -2  -2  -3  -2   6  -5  -3  -3   4  14  -2  -4  -2  -1  -7
V   0  -5  -5  -5  -2  -3  -3  -5  -5   6   2  -3   2  -2  -3  -3   0  -5  -2   8  -5  -3  -2  -7
B  -3  -2   7   7  -5   0   2  -1   0  -5  -6  -1  -4  -5  -2   1  -1  -7  -4  -5   7   1  -2  -7
Z  -2   1   0   2  -6   7   7  -3   0  -5  -4   2  -2  -5  -2   0  -2  -4  -2  -3   1   7  -1  -7
X  -1  -2  -1  -2  -3  -1  -1  -3  -1  -2  -2  -1  -1  -2  -3  -1  -1  -3  -1  -2  -2  -1  -2  -7
*  -7  -7  -7  -7  -7  -7  -7  -7  -7  -7  -7  -7  -7  -7  -7  -7  -7  -7  -7  -7  -7  -7  -7   1
