#  KANM000101
#  Substitution matrix (OPTIMA) derived by maximizing discrimination between
#  homologs and non-homologs (Kann et al., 2000)
#  PMID:11056037
#  Kann, M., Qian, B. and Goldstein, R.A.
#  Optimization of a new score function for the detection of remote homologs
#  Proteins: Structure, Function, and Genetics 41, 498-503 (2000)
#  rows = ARNDCQEGHILKMFPSTWYV, cols = ARNDCQEGHILKMFPSTWYV
    A   R   N   D   C   Q   E   G   H   I   L   K   M   F   P   S   T   W   Y   V   B   Z   X   *
A   7  -2  -3  -4   1   0  -2   1  -3  -1  -1  -2  -2  -3  -1   2   0  -5  -3   1  -4  -1  -1  -8
R  -2  11   1  -3  -5   2   1  -3   1  -5  -4   6  -2  -6  -3  -2  -1  -5  -3  -6  -1   2  -1  -8
N  -3   1  11   4  -6   1   1   1   2  -6  -6   0  -3  -5  -3   2   0  -7  -3  -6   7   1  -1  -8
D  -4  -3   4  12  -6   1   4  -2  -1  -6  -8  -1  -6  -6  -1   1  -2  -7  -4  -6   8   2  -2  -8
C   1  -5  -6  -6  19  -6  -7  -5  -5  -1  -1  -5  -1  -3  -6  -2  -1  -3  -3  -1  -6  -6  -2  -8
Q   0   2   1   1  -6   9   4  -4   1  -6  -4   3   0  -5  -2   0  -1  -3  -2  -3   1   6  -1  -8
E  -2   1   1   4  -7   4   8  -4   1  -6  -6   3  -4  -6  -1   0  -1  -5  -4  -5   2   6  -2  -8
G   1  -3   1  -2  -5  -4  -4  13  -3  -8  -8  -3  -6  -6  -3   1  -3  -3  -5  -6   0  -4  -3  -8
H  -3   1   2  -1  -5   1   1  -3  16  -5  -5  -1  -3  -1  -3  -2  -4  -3   4  -5   1   1  -1  -8
I  -1  -5  -6  -6  -1  -6  -6  -8  -5   7   5  -6   2   2  -6  -4  -1  -5  -1   7  -6  -6  -2  -8
L  -1  -4  -6  -8  -1  -4  -6  -8  -5   5   6  -4   5   3  -6  -4  -2  -3   0   4  -7  -5  -2  -8
K  -2   6   0  -1  -5   3   3  -3  -1  -6  -4   7  -2  -5  -2   1  -1  -6  -3  -4   0   3  -1  -8
M  -2  -2  -3  -6  -1   0  -4  -6  -3   2   5  -2  10   1  -4  -2  -1  -1  -2   2  -4  -2  -1  -8
F  -3  -6  -5  -6  -3  -5  -6  -6  -1   2   3  -5   1  11  -7  -3  -3   3   7   0  -6  -6  -2  -8
P  -1  -3  -3  -1  -6  -2  -1  -3  -3  -6  -6  -2  -4  -7  14  -1  -2  -7  -5  -3  -2  -2  -3  -8
S   2  -2   2   1  -2   0   0   1  -2  -4  -4   1  -2  -3  -1   7   4  -5  -3  -4   1   0  -1  -8
T   0  -1   0  -2  -1  -1  -1  -3  -4  -1  -2  -1  -1  -3  -2   4   9  -3  -3   1  -1  -1  -1  -8
W  -5  -5  -7  -7  -3  -3  -5  -3  -3  -5  -3  -6  -1   3  -7  -5  -3  21   4  -5  -7  -4  -3  -8
Y  -3  -3  -3  -4  -3  -2  -4  -5   4  -1   0  -3  -2   7  -5  -3  -3   4  13  -2  -4  -3  -1  -8
V   1  -6  -6  -6  -1  -3  -5  -6  -5   7   4  -4   2   0  -3  -4   1  -5  -2   7  -6  -4  -2  -8
B  -4  -1   7   8  -6   1   2   0   1  -6  -7   0  -4  -6  -2   1  -1  -7  -4  -6   8   1  -2  -8
Z  -1   2   1   2  -6   6   6  -4   1  -6  -5   3  -2  -6  -2   0  -1  -4  -3  -4   1   6  -1  -8
X  -1  -1  -1  -2  -2  -1  -2  -3  -1  -2  -2  -1  -1  -2  -3  -1  -1  -3  -1  -2  -2  -1  -2  -8
*  -8  -8  -8  -8  -8  -8  -8  -8  -8  -8  -8  -8  -8  -8  -8  -8  -8  -8  -8  -8  -8  -8  -8   1
