#  LEVJ860101
#  The secondary structure similarity matrix (Levin et al., 1986)
#  LIT:1210126 PMID:3743779
#  Levin, J.M., Robson, B. and Garnier, J.
#  An algorithm for secondary structure determination in proteins based on
#  sequence similarity
#  FEBS Lett. 205, 303-308 (1986)
#  rows = ARNDCQEGHILKMFPSTWYV, cols = ARNDCQEGHILKMFPSTWYV
    A   R   N   D   C   Q   E   G   H   I   L   K   M   F   P   S   T   W   Y   V   B   Z   X   *
A  10   0   0   0   0   0   5   0   0   0   0   0   0  -6  -6   5   0  -6  -6   0   0   2   0  -6
R   0  10   0   0   0   0   0   0   0  -6  -6   5  -6  -6   0   0   0   0  -6  -6   0   0  -1  -6
N   0   0  16   5   0   5   0   0   0  -6  -6   5  -6  -6   0   0   0  -6  -6  -6  10   2  -1  -6
D   0   0   5  10   0   0   5   0   0  -6  -6   0  -6  -6   0   0   0  -6  -6  -6   8   2  -1  -6
C   0   0   0   0  10   0   0   0   0   0   0   0   0  -6   0   0   0  -6  -6   0   0   0  -1  -6
Q   0   0   5   0   0  10   5   0   0  -6  -6   0  -6  -6   0   0   0  -6  -6  -6   2   8  -1  -6
E   5   0   0   5   0   5  10   0   0  -6  -6   0  -6  -6  -6   0   0  -6  -6  -6   2   8  -1  -6
G   0   0   0   0   0   0   0  10   0  -6  -6   0  -6  -6   0   0   0  -6  -6  -6   0   0  -2  -6
H   0   0   0   0   0   0   0   0  10  -6  -6   0  -6  -6   0   0   0  -6   0  -6   0   0  -1  -6
I   0  -6  -6  -6   0  -6  -6  -6  -6  10   0  -6   0   5  -6  -6   0   0   0   5  -6  -6  -2  -6
L   0  -6  -6  -6   0  -6  -6  -6  -6   0  10  -6  10   0  -6  -6   0   0   0   5  -6  -6  -2  -6
K   0   5   5   0   0   0   0   0   0  -6  -6  10  -6  -6   0   0   0  -6  -6  -6   2   0  -1  -6
M   0  -6  -6  -6   0  -6  -6  -6  -6   0  10  -6  10   0  -6  -6   0   0   0   0  -6  -6  -2  -6
F  -6  -6  -6  -6  -6  -6  -6  -6  -6   5   0  -6   0  10  -6  -6  -6   0   5   0  -6  -6  -3  -6
P  -6   0   0   0   0   0  -6   0   0  -6  -6   0  -6  -6  16   0   0  -6  -6  -6   0  -3  -2  -6
S   5   0   0   0   0   0   0   0   0  -6  -6   0  -6  -6   0  10   0  -6  -6  -6   0   0  -1  -6
T   0   0   0   0   0   0   0   0   0   0   0   0   0  -6   0   0  10  -6  -6   0   0   0  -1  -6
W  -6   0  -6  -6  -6  -6  -6  -6  -6   0   0  -6   0   0  -6  -6  -6  10   0   0  -6  -6  -3  -6
Y  -6  -6  -6  -6  -6  -6  -6  -6   0   0   0  -6   0   5  -6  -6  -6   0  10   0  -6  -6  -3  -6
V   0  -6  -6  -6   0  -6  -6  -6  -6   5   5  -6   0   0  -6  -6   0   0   0  10  -6  -6  -2  -6
B   0   0  10   8   0   2   2   0   0  -6  -6   2  -6  -6   0   0   0  -6  -6  -6   9   2  -1  -6
Z   2   0   2   2   0   8   8   0   0  -6  -6   0  -6  -6  -3   0   0  -6  -6  -6   2   8  -1  -6
X   0  -1  -1  -1  -1  -1  -1  -2  -1  -2  -2  -1  -2  -3  -2  -1  -1  -3  -3  -2  -1  -1  -2  -6
*  -6  -6  -6  -6  -6  -6  -6  -6  -6  -6  -6  -6  -6  -6  -6  -6  -6  -6  -6  -6  -6  -6  -6   1
