#  LUTR910109
#  Structure-based comparison table for beta strand class (Luthy et al., 1991)
#  LIT:1712085 PMID:1881879
#  Luthy, R., McLachlan, A.D. and Eisenberg, D.
#  Secondary structure-based profiles: Use of structure-conserving scoring
#  tables in searching protein sequence databases for structural similarities
#  Proteins 10, 229-239 (1991)
#  rows = ARNDCQEGHILKMFPSTWYV, cols = ARNDCQEGHILKMFPSTWYV
    A   R   N   D   C   Q   E   G   H   I   L   K   M   F   P   S   T   W   Y   V   B   Z   X   *
A   5  -1  -1  -1  -2  -1  -1   2  -2  -3  -3  -2  -1  -3   0   1   0  -5  -2  -2  -1  -1  -1 -14
R  -1   9   0   0  -6   1   0   0   0  -3  -3   3   0  -4  -2  -1   1  -2  -2  -3   0   0  -1 -14
N  -1   0   3   2  -2   1   1  -1   2  -4  -4   1  -1  -3   0   1   0  -6   0  -4   3   1  -1 -14
D  -1   0   2  11  -5   1   3  -1   3  -5  -6   1  -2  -6  -3   1   0  -9  -2  -5   7   2  -1 -14
C  -2  -6  -2  -5  23  -4  -6  -5  -4  -8  -9  -6  -8  -8  -4  -3  -5 -14  -6  -7  -3  -5  -4 -14
Q  -1   1   1   1  -4   7   2   0   1  -4  -4   2  -2  -4  -1   0   0  -7  -2  -4   1   4  -1 -14
E  -1   0   1   3  -6   2   7   1   0  -4  -4   2  -2  -4  -4   0   0  -8  -2  -4   2   4  -1 -14
G   2   0  -1  -1  -5   0   1  12  -2  -4  -5  -1   0  -5  -4   1   0  -9  -4  -4  -1   0  -1 -14
H  -2   0   2   3  -4   1   0  -2  13  -5  -4  -1  -2   0  -3   0  -2   1   4  -5   3   1   0 -14
I  -3  -3  -4  -5  -8  -4  -4  -4  -5   6   2  -4   1  -2  -1  -4  -3  -4  -5   2  -4  -4  -2 -14
L  -3  -3  -4  -6  -9  -4  -4  -5  -4   2   7  -4   1  -1  -1  -5  -4  -5  -3   1  -5  -4  -3 -14
K  -2   3   1   1  -6   2   2  -1  -1  -4  -4   7  -2  -4  -4   0   0  -5  -2  -3   1   2  -1 -14
M  -1   0  -1  -2  -8  -2  -2   0  -2   1   1  -2   5  -1  -1  -2   0  -6  -2   0  -2  -2  -1 -14
F  -3  -4  -3  -6  -8  -4  -4  -5   0  -2  -1  -4  -1  13  -2  -4  -4   3   4  -3  -5  -4  -2 -14
P   0  -2   0  -3  -4  -1  -4  -4  -3  -1  -1  -4  -1  -2  18  -2  -2  -8  -1  -2  -1  -3  -1 -14
S   1  -1   1   1  -3   0   0   1   0  -4  -5   0  -2  -4  -2   6   1  -6  -2  -3   1   0  -1 -14
T   0   1   0   0  -5   0   0   0  -2  -3  -4   0   0  -4  -2   1   4  -6  -3  -2   0   0  -1 -14
W  -5  -2  -6  -9 -14  -7  -8  -9   1  -4  -5  -5  -6   3  -8  -6  -6  32   2  -5  -7  -8  -3 -14
Y  -2  -2   0  -2  -6  -2  -2  -4   4  -5  -3  -2  -2   4  -1  -2  -3   2  11  -5  -1  -2  -1 -14
V  -2  -3  -4  -5  -7  -4  -4  -4  -5   2   1  -3   0  -3  -2  -3  -2  -5  -5   5  -5  -4  -3 -14
B  -1   0   3   7  -3   1   2  -1   3  -4  -5   1  -2  -5  -1   1   0  -7  -1  -5   5   2  -1 -14
Z  -1   0   1   2  -5   4   4   0   1  -4  -4   2  -2  -4  -3   0   0  -8  -2  -4   2   4  -1 -14
X  -1  -1  -1  -1  -4  -1  -1  -1   0  -2  -3  -1  -1  -2  -1  -1  -1  -3  -1  -3  -1  -1  -2 -14
* -14 -14 -14 -14 -14 -14 -14 -14 -14 -14 -14 -14 -14 -14 -14 -14 -14 -14 -14 -14 -14 -14 -14   1
