#  LUTR910107
#  Structure-based comparison table for other class (Luthy et al., 1991)
#  LIT:1712085 PMID:1881879
#  Luthy, R., McLachlan, A.D. and Eisenberg, D.
#  Secondary structure-based profiles: Use of structure-conserving scoring
#  tables in searching protein sequence databases for structural similarities
#  Proteins 10, 229-239 (1991)
#  rows = ARNDCQEGHILKMFPSTWYV, cols = ARNDCQEGHILKMFPSTWYV
    A   R   N   D   C   Q   E   G   H   I   L   K   M   F   P   S   T   W   Y   V   B   Z   X   *
A   2  -1   0   0  -2   0   0  -2  -2  -1  -2  -1  -1  -5  -1   0   0  -3  -2   0   0   0  -1  -9
R  -1   6   0  -1  -3   1   0  -2  -1  -2  -3   1  -1  -5  -3   0  -1   0  -1  -2   0   0  -1  -9
N   0   0   2   0  -3   0   0  -1   0  -2  -3   0  -2  -5  -3   0   0  -3  -1  -2   1   0  -1  -9
D   0  -1   0   6  -5   0   1  -2  -2  -3  -5  -1  -3  -6  -3   0  -1  -4  -3  -3   3   1  -2  -9
C  -2  -3  -3  -5  26  -4  -5  -6  -7  -4  -3  -6  -3  -6  -9  -4  -2  -1  -1  -3  -4  -4  -3  -9
Q   0   1   0   0  -4   3   1  -2   0  -2  -2   1  -1  -6  -2   0   0  -4  -2  -2   0   2  -1  -9
E   0   0   0   1  -5   1   3  -2  -1  -2  -3   0  -3  -7  -2   0   0  -5  -3  -2   0   2  -2  -9
G  -2  -2  -1  -2  -6  -2  -2   9  -4  -6  -7  -4  -5  -9  -5  -2  -3  -5  -5  -5  -2  -2  -3  -9
H  -2  -1   0  -2  -7   0  -1  -4  13  -4  -3  -2  -2  -3  -4  -2  -2  -3   0  -3  -1  -1  -2  -9
I  -1  -2  -2  -3  -4  -2  -2  -6  -4  11   4  -4   5   0  -5  -3  -1  -2  -1   5  -3  -2  -1  -9
L  -2  -3  -3  -5  -3  -2  -3  -7  -3   4  11  -5   5   2  -5  -3  -3  -2  -1   3  -4  -3  -1  -9
K  -1   1   0  -1  -6   1   0  -4  -2  -4  -5   9  -3  -8  -3  -1  -1  -6  -4  -3  -1   0  -2  -9
M  -1  -1  -2  -3  -3  -1  -3  -5  -2   5   5  -3  12   2  -5  -3  -2   0   0   3  -2  -2   0  -9
F  -5  -5  -5  -6  -6  -6  -7  -9  -3   0   2  -8   2  20  -8  -6  -6   2   5  -1  -5  -6  -2  -9
P  -1  -3  -3  -3  -9  -2  -2  -5  -4  -5  -5  -3  -5  -8  14  -2  -3  -5  -5  -4  -3  -2  -3  -9
S   0   0   0   0  -4   0   0  -2  -2  -3  -3  -1  -3  -6  -2   4   0  -4  -2  -2   0   0  -2  -9
T   0  -1   0  -1  -2   0   0  -3  -2  -1  -3  -1  -2  -6  -3   0   7  -6  -3  -1  -1   0  -2  -9
W  -3   0  -3  -4  -1  -4  -5  -5  -3  -2  -2  -6   0   2  -5  -4  -6  31   8  -2  -3  -5  -1  -9
Y  -2  -1  -1  -3  -1  -2  -3  -5   0  -1  -1  -4   0   5  -5  -2  -3   8  14  -2  -2  -3  -1  -9
V   0  -2  -2  -3  -3  -2  -2  -5  -3   5   3  -3   3  -1  -4  -2  -1  -2  -2   8  -2  -2  -1  -9
B   0   0   1   3  -4   0   0  -2  -1  -3  -4  -1  -2  -5  -3   0  -1  -3  -2  -2   2   0  -1  -9
Z   0   0   0   1  -4   2   2  -2  -1  -2  -3   0  -2  -6  -2   0   0  -5  -3  -2   0   2  -1  -9
X  -1  -1  -1  -2  -3  -1  -2  -3  -2  -1  -1  -2   0  -2  -3  -2  -2  -1  -1  -1  -1  -1  -2  -9
*  -9  -9  -9  -9  -9  -9  -9  -9  -9  -9  -9  -9  -9  -9  -9  -9  -9  -9  -9  -9  -9  -9  -9   1
