#  LUTR910103
#  Structure-based comparison table for outside alpha class (Luthy et al., 1991)
#  LIT:1712085 PMID:1881879
#  Luthy, R., McLachlan, A.D. and Eisenberg, D.
#  Secondary structure-based profiles: Use of structure-conserving scoring
#  tables in searching protein sequence databases for structural similarities
#  Proteins 10, 229-239 (1991)
#  rows = ARNDCQEGHILKMFPSTWYV, cols = ARNDCQEGHILKMFPSTWYV
    A   R   N   D   C   Q   E   G   H   I   L   K   M   F   P   S   T   W   Y   V   B   Z   X   *
A   5  -2  -1  -2  -1  -1  -2  -1  -2  -2  -5  -3  -2  -6  -2  -1  -1  -6  -6  -2  -1  -1  -2  -9
R  -2   3  -1  -1  -1  -1  -1  -1  -1  -2  -3   0  -1  -5  -2  -1  -1  -3  -3  -2  -1  -1  -1  -9
N  -1  -1   3   0  -1  -1  -1   0   0  -3  -4  -2  -2  -5  -2   0   0  -5  -3  -3   1  -1  -2  -9
D  -2  -1   0   4  -1   0   0  -1  -1  -3  -5  -2  -3  -5  -1   0  -1  -4  -4  -2   2   0  -2  -9
C  -1  -1  -1  -1   1  -1  -2   0  -1   0  -2  -2   0   0  -1   0   0   3  -3   0  -1  -1  -1  -9
Q  -1  -1  -1   0  -1   2   0  -1  -1  -2  -4  -1  -1  -4  -1  -1  -1  -2  -4  -2  -1   1  -1  -9
E  -2  -1  -1   0  -2   0   5  -1  -1  -3  -5  -2  -2  -7  -1  -1  -1  -5  -6  -3   0   2  -2  -9
G  -1  -1   0  -1   0  -1  -1   6  -1  -2  -5  -2  -2  -6  -1   0   0  -6  -4  -2   0  -1  -2  -9
H  -2  -1   0  -1  -1  -1  -1  -1   9  -2  -4  -3  -2  -3  -3  -1  -1   1  -1  -3  -1  -1  -1  -9
I  -2  -2  -3  -3   0  -2  -3  -2  -2   9   2  -4   3   1  -3  -2   0  -4  -4   3  -3  -3  -1  -9
L  -5  -3  -4  -5  -2  -4  -5  -5  -4   2  12  -6   2   2  -7  -4  -3  -2  -4  -1  -5  -5  -2  -9
K  -3   0  -2  -2  -2  -1  -2  -2  -3  -4  -6   6  -3  -8  -3  -2  -2  -8  -7  -4  -2  -2  -3  -9
M  -2  -1  -2  -3   0  -1  -2  -2  -2   3   2  -3   9   2  -3  -2  -1  -4  -6   1  -3  -2  -1  -9
F  -6  -5  -5  -5   0  -4  -7  -6  -3   1   2  -8   2  22  -9  -5  -5   7   8  -4  -5  -5  -2  -9
P  -2  -2  -2  -1  -1  -1  -1  -1  -3  -3  -7  -3  -3  -9  15  -1  -2  -8  -5  -3  -1  -1  -2  -9
S  -1  -1   0   0   0  -1  -1   0  -1  -2  -4  -2  -2  -5  -1   3   0  -6  -5  -2   0  -1  -1  -9
T  -1  -1   0  -1   0  -1  -1   0  -1   0  -3  -2  -1  -5  -2   0   3  -2  -5   0  -1  -1  -1  -9
W  -6  -3  -5  -4   3  -2  -5  -6   1  -4  -2  -8  -4   7  -8  -6  -2  39  10  -3  -5  -3   0  -9
Y  -6  -3  -3  -4  -3  -4  -6  -4  -1  -4  -4  -7  -6   8  -5  -5  -5  10  24  -5  -4  -5  -2  -9
V  -2  -2  -3  -2   0  -2  -3  -2  -3   3  -1  -4   1  -4  -3  -2   0  -3  -5   9  -2  -2  -1  -9
B  -1  -1   1   2  -1  -1   0   0  -1  -3  -5  -2  -3  -5  -1   0  -1  -5  -4  -2   2   0  -2  -9
Z  -1  -1  -1   0  -1   1   2  -1  -1  -3  -5  -2  -2  -5  -1  -1  -1  -3  -5  -2   0   1  -2  -9
X  -2  -1  -2  -2  -1  -1  -2  -2  -1  -1  -2  -3  -1  -2  -2  -1  -1   0  -2  -1  -2  -2  -2  -9
*  -9  -9  -9  -9  -9  -9  -9  -9  -9  -9  -9  -9  -9  -9  -9  -9  -9  -9  -9  -9  -9  -9  -9   1
