#  LUTR910101
#  Structure-based comparison table for outside other class (Luthy et al., 1991)
#  LIT:1712085 PMID:1881879
#  Luthy, R., McLachlan, A.D. and Eisenberg, D.
#  Secondary structure-based profiles: Use of structure-conserving scoring
#  tables in searching protein sequence databases for structural similarities
#  Proteins 10, 229-239 (1991)
#  rows = ARNDCQEGHILKMFPSTWYV, cols = ARNDCQEGHILKMFPSTWYV
    A   R   N   D   C   Q   E   G   H   I   L   K   M   F   P   S   T   W   Y   V   B   Z   X   *
A   2  -1  -1  -1  -2  -1   0  -2  -2  -1  -1  -1  -1  -5  -1   0   0  -3  -3   0  -1  -1  -1  -9
R  -1   7  -1  -2  -3   0  -1  -3  -1  -2  -2   0  -1  -5  -4  -1  -1   0  -2  -2  -1   0  -1  -9
N  -1  -1   2   0  -3   0  -1  -2  -1  -2  -2  -1  -1  -4  -3   0  -1  -3  -2  -2   1  -1  -1  -9
D  -1  -2   0   6  -5  -1   0  -3  -2  -3  -4  -2  -3  -5  -4  -1  -2  -4  -4  -3   3   0  -2  -9
C  -2  -3  -3  -5  27  -4  -4  -5  -7  -5  -1  -5  -2  -4  -9  -4  -3  -2   0  -3  -4  -4  -2  -9
Q  -1   0   0  -1  -4   3   0  -3  -1  -2  -2   0  -1  -5  -3  -1  -1  -5  -4  -2  -1   2  -1  -9
E   0  -1  -1   0  -4   0   3  -3  -2  -2  -2   0  -2  -6  -2  -1  -1  -5  -4  -2   0   1  -2  -9
G  -2  -3  -2  -3  -5  -3  -3   9  -5  -5  -6  -5  -4  -7  -6  -3  -4  -4  -5  -4  -3  -3  -4  -9
H  -2  -1  -1  -2  -7  -1  -2  -5  13  -4  -3  -3  -2  -3  -4  -2  -2  -2  -1  -4  -2  -1  -2  -9
I  -1  -2  -2  -3  -5  -2  -2  -5  -4  12   4  -4   4   1  -4  -2  -1  -1  -2   5  -2  -2  -1  -9
L  -1  -2  -2  -4  -1  -2  -2  -6  -3   4  11  -4   5   2  -4  -2  -2  -1  -1   2  -3  -2  -1  -9
K  -1   0  -1  -2  -5   0   0  -5  -3  -4  -4   9  -3  -8  -4  -1  -2  -6  -5  -4  -2   0  -3  -9
M  -1  -1  -1  -3  -2  -1  -2  -4  -2   4   5  -3   9   2  -4  -2  -2   1   0   2  -2  -2   0  -9
F  -5  -5  -4  -5  -4  -5  -6  -7  -3   1   2  -8   2  21  -7  -5  -5   1   5  -1  -5  -5  -2  -9
P  -1  -4  -3  -4  -9  -3  -2  -6  -4  -4  -4  -4  -4  -7  13  -2  -3  -4  -6  -3  -3  -2  -3  -9
S   0  -1   0  -1  -4  -1  -1  -3  -2  -2  -2  -1  -2  -5  -2   3   0  -3  -3  -2  -1  -1  -2  -9
T   0  -1  -1  -2  -3  -1  -1  -4  -2  -1  -2  -2  -2  -5  -3   0   7  -5  -4  -1  -1  -1  -2  -9
W  -3   0  -3  -4  -2  -5  -5  -4  -2  -1  -1  -6   1   1  -4  -3  -5  31   6  -1  -3  -5   0  -9
Y  -3  -2  -2  -4   0  -4  -4  -5  -1  -2  -1  -5   0   5  -6  -3  -4   6  16  -2  -3  -4  -1  -9
V   0  -2  -2  -3  -3  -2  -2  -4  -4   5   2  -4   2  -1  -3  -2  -1  -1  -2   9  -2  -2  -1  -9
B  -1  -1   1   3  -4  -1   0  -3  -2  -2  -3  -2  -2  -5  -3  -1  -1  -3  -3  -2   2   0  -2  -9
Z  -1   0  -1   0  -4   2   1  -3  -1  -2  -2   0  -2  -5  -2  -1  -1  -5  -4  -2   0   2  -2  -9
X  -1  -1  -1  -2  -2  -1  -2  -4  -2  -1  -1  -3   0  -2  -3  -2  -2   0  -1  -1  -2  -2  -2  -9
*  -9  -9  -9  -9  -9  -9  -9  -9  -9  -9  -9  -9  -9  -9  -9  -9  -9  -9  -9  -9  -9  -9  -9   1
