#  MCLA710101
#  The similarity of pairs of amino acids (McLachlan, 1971)
#  PMID:5167087
#  McLachlan, A.D.
#  Tests for comparing related amino-acid sequences
#  cytochrome c and cytochrome c551
#  J. Mol. Biol. 61, 409-424 (1971)
#  (RR 9.)
#  rows = ARNDCQEGHILKMFPSTWYV, cols = ARNDCQEGHILKMFPSTWYV
    A   R   N   D   C   Q   E   G   H   I   L   K   M   F   P   S   T   W   Y   V   B   Z   X   *
A  10  -3  -1  -1  -5  -1   1  -1  -1  -3  -3  -1  -1  -5   1   1  -1  -5  -5  -1  -1   0  -1  -8
R  -3  10  -1  -5  -5   4  -1  -1   4  -5  -3   4  -5  -5  -1   1  -1  -1  -3  -3  -3   1  -1  -8
N  -1  -1  10   4  -5   1   1  -1   1  -5  -5   1  -3  -8  -5   4  -1  -8  -3  -5   7   1  -1  -8
D  -1  -5   4  10  -5   1   4  -1   1  -8  -5  -1  -3  -5  -1  -1  -1  -8  -5  -5   7   2  -2  -8
C  -5  -5  -5  -5  13  -8  -8  -5  -1  -5  -8  -8  -1  -8  -8  -3  -3  -3  -5  -5  -5  -8  -4  -8
Q  -1   4   1   1  -8  10   4  -3   1  -8  -1   1  -1  -8  -1   1  -1  -3  -5  -3   1   7  -1  -8
E   1  -1   1   4  -8   4  10  -1  -3  -5  -5   1  -5  -8   1   1   1  -5  -3  -3   2   7  -1  -8
G  -1  -1  -1  -1  -5  -3  -1  10  -3  -5  -5  -1  -5  -8  -1  -1  -3  -5  -8  -3  -1  -2  -3  -8
H  -1   4   1   1  -1   1  -3  -3  10  -3  -3   1  -1   1  -1  -1   1  -1   1  -3   1  -1   0  -8
I  -3  -5  -5  -8  -5  -8  -5  -5  -3  10   4  -5   4  -1  -5  -3  -1  -1  -1   4  -7  -7  -2  -8
L  -3  -3  -5  -5  -8  -1  -5  -5  -3   4  10  -3   6   4  -5  -3  -1  -1  -1   4  -5  -3  -1  -8
K  -1   4   1  -1  -8   1   1  -1   1  -5  -3  10  -5  -8  -1  -1  -1  -5  -5  -3   0   1  -1  -8
M  -1  -5  -3  -3  -1  -1  -5  -5  -1   4   6  -5  10   4  -5  -3  -1  -5  -3   1  -3  -3  -1  -8
F  -5  -5  -8  -5  -8  -8  -8  -8   1  -1   4  -8   4  13  -5  -3  -5   6   6  -1  -7  -8  -2  -8
P   1  -1  -5  -1  -8  -1   1  -1  -1  -5  -5  -1  -5  -5  10  -1  -1  -8  -8  -3  -3   0  -2  -8
S   1   1   4  -1  -3   1   1  -1  -1  -3  -3  -1  -3  -3  -1  10   4  -1  -1  -3   1   1   0  -8
T  -1  -1  -1  -1  -3  -1   1  -3   1  -1  -1  -1  -1  -5  -1   4  10  -3  -5  -1  -1   0  -1  -8
W  -5  -1  -8  -8  -3  -3  -5  -5  -1  -1  -1  -5  -5   6  -8  -1  -3  13   6  -3  -8  -4  -2  -8
Y  -5  -3  -3  -5  -5  -5  -3  -8   1  -1  -1  -5  -3   6  -8  -1  -5   6  13  -1  -4  -4  -2  -8
V  -1  -3  -5  -5  -5  -3  -3  -3  -3   4   4  -3   1  -1  -3  -3  -1  -3  -1  10  -5  -3  -1  -8
B  -1  -3   7   7  -5   1   2  -1   1  -7  -5   0  -3  -7  -3   1  -1  -8  -4  -5   7   2  -2  -8
Z   0   1   1   2  -8   7   7  -2  -1  -7  -3   1  -3  -8   0   1   0  -4  -4  -3   2   7  -1  -8
X  -1  -1  -1  -2  -4  -1  -1  -3   0  -2  -1  -1  -1  -2  -2   0  -1  -2  -2  -1  -2  -1  -2  -8
*  -8  -8  -8  -8  -8  -8  -8  -8  -8  -8  -8  -8  -8  -8  -8  -8  -8  -8  -8  -8  -8  -8  -8   1
