#  MCLA720101
#  Chemical similarity scores (McLachlan, 1972)
#  PMID:5023183
#  McLachlan, A.D.
#  Repeating sequences and gene duplication in proteins
#  J. Mol. Biol. 64, 417-437 (1972)
#  rows = ARNDCQEGHILKMFPSTWYV, cols = ARNDCQEGHILKMFPSTWYV
    A   R   N   D   C   Q   E   G   H   I   L   K   M   F   P   S   T   W   Y   V   B   Z   X   *
A  11  -4  -4  -4  -4  -4  -4   5  -4  -4  -4  -4  -4  -4  -1  -1  -1  -4  -4  -4  -4  -4  -2  -4
R  -4  14  -4  -4  -4  -4  -4  -4  -4  -4  -4   5  -4  -4  -4  -4  -4  -4  -4  -4  -4  -4  -2  -4
N  -4  -4  11   5  -4   2  -1  -4  -1  -4  -4  -4  -4  -4  -4  -1  -1  -4  -4  -4   8   1  -2  -4
D  -4  -4   5  11  -4  -1   2  -4  -4  -4  -4  -4  -4  -4  -4  -4  -4  -4  -4  -4   8   1  -2  -4
C  -4  -4  -4  -4  14  -4  -4  -4  -4  -4  -4  -4  -4  -4  -4   2  -4  -4  -4  -4  -4  -4  -2  -4
Q  -4  -4   2  -1  -4  11   5  -4   2  -4  -4  -1  -4  -4  -4  -1  -4  -4  -4  -4   1   8  -1  -4
E  -4  -4  -1   2  -4   5  11  -4  -4  -4  -4  -4  -4  -4  -4  -4  -4  -4  -4  -4   1   8  -2  -4
G   5  -4  -4  -4  -4  -4  -4  14  -4  -4  -4  -4  -4  -4  -4  -4  -4  -4  -4  -4  -4  -4  -2  -4
H  -4  -4  -1  -4  -4   2  -4  -4  14  -4  -4  -4  -4   2  -4  -4  -4  -1   2  -4  -2  -1  -2  -4
I  -4  -4  -4  -4  -4  -4  -4  -4  -4  11   5  -4   5  -1  -4  -4  -1  -1  -1   2  -4  -4  -1  -4
L  -4  -4  -4  -4  -4  -4  -4  -4  -4   5  11  -4   5   2  -1  -4  -4  -1  -1  -1  -4  -4  -1  -4
K  -4   5  -4  -4  -4  -1  -4  -4  -4  -4  -4  11  -4  -4  -4  -4  -4  -4  -4  -4  -4  -2  -2  -4
M  -4  -4  -4  -4  -4  -4  -4  -4  -4   5   5  -4  14   2  -4  -4  -4  -1  -1  -1  -4  -4  -1  -4
F  -4  -4  -4  -4  -4  -4  -4  -4   2  -1   2  -4   2  14  -4  -4  -4   5   5  -1  -4  -4  -1  -4
P  -1  -4  -4  -4  -4  -4  -4  -4  -4  -4  -1  -4  -4  -4  11  -4  -1  -4  -4  -1  -4  -4  -2  -4
S  -1  -4  -1  -4   2  -1  -4  -4  -4  -4  -4  -4  -4  -4  -4  11   5  -4  -4  -4  -2  -2  -2  -4
T  -1  -4  -1  -4  -4  -4  -4  -4  -4  -1  -4  -4  -4  -4  -1   5  11  -4  -4  -4  -2  -4  -2  -4
W  -4  -4  -4  -4  -4  -4  -4  -4  -1  -1  -1  -4  -1   5  -4  -4  -4  14   2  -4  -4  -4  -1  -4
Y  -4  -4  -4  -4  -4  -4  -4  -4   2  -1  -1  -4  -1   5  -4  -4  -4   2  14  -4  -4  -4  -1  -4
V  -4  -4  -4  -4  -4  -4  -4  -4  -4   2  -1  -4  -1  -1  -1  -4  -4  -4  -4  11  -4  -4  -2  -4
B  -4  -4   8   8  -4   1   1  -4  -2  -4  -4  -4  -4  -4  -4  -2  -2  -4  -4  -4   8   1  -2  -4
Z  -4  -4   1   1  -4   8   8  -4  -1  -4  -4  -2  -4  -4  -4  -2  -4  -4  -4  -4   1   8  -2  -4
X  -2  -2  -2  -2  -2  -1  -2  -2  -2  -1  -1  -2  -1  -1  -2  -2  -2  -1  -1  -2  -2  -2  -2  -4
*  -4  -4  -4  -4  -4  -4  -4  -4  -4  -4  -4  -4  -4  -4  -4  -4  -4  -4  -4  -4  -4  -4  -4   1
