#  MUET010101
#  Non-symmetric substitution matrix (SLIM) for detection of homologous
#  transmembrane proteins (Mueller et al., 2001)
#  PMID:11473008
#  Mueller, T., Rahmann, S. and Rehmsmeier, M.
#  Non-symmetric score matrices and the detection of homologous transmembrane
#  proteins
#  Bioinformatics 17 Suppl 1, S182-S189 (2001)
#  rows = ARNDCQEGHILKMFPSTWYV, cols = ARNDCQEGHILKMFPSTWYV
    A   R   N   D   C   Q   E   G   H   I   L   K   M   F   P   S   T   W   Y   V   B   Z   X   *
A   7  -5  -2  -6   4  -3  -7   2  -2   1   1  -5   1   1  -3   3   3  -2  -3   3  -4  -5  -1 -10
R  -5  12  -4 -10  -5  -2  -9  -5  -4  -5  -4   1  -3  -5  -8  -6  -5  -4  -5  -6  -7  -5  -4 -10
N  -2  -4  10   1  -2   0  -4  -2   4  -3  -3  -3  -2  -1  -6   2  -1  -3   1  -4   5  -2  -1 -10
D  -6 -10   1  11  -7  -2   3  -4  -3  -6  -6  -5  -6  -5  -7  -5  -5  -6  -5  -6   6   1  -4 -10
C   4  -5  -2  -7  14  -3  -7  -1  -5   1   2  -7   2   4  -9   4   2   1   2   2  -5  -5   0 -10
Q  -3  -2   0  -2  -3   9  -2  -3   1  -3  -3  -1  -1  -1  -6  -2  -3   2  -1  -3  -1   4  -1 -10
E  -7  -9  -4   3  -7  -2   9  -6  -2  -7  -7  -7  -6  -5  -7  -5  -6  -6  -5  -6   0   4  -5 -10
G   2  -5  -2  -4  -1  -3  -6   9  -5  -2  -1  -4  -1   0  -4   2  -1  -3  -3  -2  -3  -5  -2 -10
H  -2  -4   4  -3  -5   1  -2  -5  12  -3  -3  -5  -3   0  -8  -2  -3   0   4  -4   1  -1  -2 -10
I   1  -5  -3  -6   1  -3  -7  -2  -3   8   5  -5   6   3  -3  -1   2  -1  -2   6  -5  -5  -1 -10
L   1  -4  -3  -6   2  -3  -7  -1  -3   5   7  -6   6   4  -5  -1   2   1  -1   4  -4  -5   0 -10
K  -5   1  -3  -5  -7  -1  -7  -4  -5  -5  -6   8  -5  -5  -4  -5  -5  -5  -3  -7  -4  -4  -4 -10
M   1  -3  -2  -6   2  -1  -6  -1  -3   6   6  -5   9   4  -5   0   3   1  -1   4  -4  -3   0 -10
F   1  -5  -1  -5   4  -1  -5   0   0   3   4  -5   4  10  -4   1   1   5   7   2  -3  -3   1 -10
P  -3  -8  -6  -7  -9  -6  -7  -4  -8  -3  -5  -4  -5  -4  14  -3  -3  -4  -5  -3  -6  -6  -4 -10
S   3  -6   2  -5   4  -2  -5   2  -2  -1  -1  -5   0   1  -3   8   3  -2  -1   0  -2  -3   0 -10
T   3  -5  -1  -5   2  -3  -6  -1  -3   2   2  -5   3   1  -3   3   6  -4  -2   2  -3  -5  -1 -10
W  -2  -4  -3  -6   1   2  -6  -3   0  -1   1  -5   1   5  -4  -2  -4  18   3  -1  -5  -2  -1 -10
Y  -3  -5   1  -5   2  -1  -5  -3   4  -2  -1  -3  -1   7  -5  -1  -2   3  14  -2  -2  -3   0 -10
V   3  -6  -4  -6   2  -3  -6  -2  -4   6   4  -7   4   2  -3   0   2  -1  -2   7  -5  -5  -1 -10
B  -4  -7   5   6  -5  -1   0  -3   1  -5  -4  -4  -4  -3  -6  -2  -3  -5  -2  -5   6  -1  -3 -10
Z  -5  -5  -2   1  -5   4   4  -5  -1  -5  -5  -4  -3  -3  -6  -3  -5  -2  -3  -5  -1   4  -3 -10
X  -1  -4  -1  -4   0  -1  -5  -2  -2  -1   0  -4   0   1  -4   0  -1  -1   0  -1  -3  -3  -2 -10
* -10 -10 -10 -10 -10 -10 -10 -10 -10 -10 -10 -10 -10 -10 -10 -10 -10 -10 -10 -10 -10 -10 -10   1
