#  NAOD960101
#  Substitution matrix derived from the single residue interchanges at spatially
#  conserved regions of proteins (Naor et al., 1996)
#  PMID:8601843
#  Naor, D., Fischer, D., Jernigan, R.L., Wolfson, H.J. and Nussinov, R.
#  Amino Acid Pair Interchanges at Spatially Conserved Locations (Naor et al)
#  Journal of Molecular Biology 256, 924-938 (1996)
#  rows = ARNDCQEGHILKMFPSTWYV, cols = ARNDCQEGHILKMFPSTWYV
    A   R   N   D   C   Q   E   G   H   I   L   K   M   F   P   S   T   W   Y   V   B   Z   X   *
A   3  -1  -1  -1   1  -1  -1  -1  -2  -3  -1  -1  -1  -2  -1  -1  -1  -1  -1  -3  -1  -1  -1 -10
R  -1   6   3   3  -6   4   7  -1   2  -8  -6   8  -3  -6   0   1   0  -4  -3  -7   3   5  -1 -10
N  -1   3   7   7  -6   4   5   4   1 -10  -8   5  -4  -7   5   3   1  -5  -3  -9   7   4  -1 -10
D  -1   3   7  10  -5   5   6   3   2 -10  -9   6  -5  -7   5   3   1  -5  -4 -10   8   5  -1 -10
C   1  -6  -6  -5  13  -5  -7  -1  -3   3   1  -8   1   2  -2  -4  -3  -1  -1   3  -6  -6  -2 -10
Q  -1   4   4   5  -5   6   7  -1   0  -8  -6   6  -3  -6   0   1   0  -3  -2  -9   4   6  -1 -10
E  -1   7   5   6  -7   7  10  -1   1 -10  -7   8  -3  -7  -1   2   2  -4  -3 -10   5   8  -1 -10
G  -1  -1   4   3  -1  -1  -1  11   2  -8  -7  -1  -4  -4   5   3  -1  -2  -2  -6   3  -1  -1 -10
H  -2   2   1   2  -3   0   1   2   4  -4  -4   0  -2  -3   1   1  -1  -2  -1  -3   1   0  -1 -10
I  -3  -8 -10 -10   3  -8 -10  -8  -4   9   6 -10   2   5  -9  -6  -4   3   1   8 -10  -9  -3 -10
L  -1  -6  -8  -9   1  -6  -7  -7  -4   6   8  -8   4   5  -9  -6  -4   1   0   4  -9  -7  -3 -10
K  -1   8   5   6  -8   6   8  -1   0 -10  -8  12  -5  -8   2   2   1  -6  -4  -9   5   7  -1 -10
M  -1  -3  -4  -5   1  -3  -3  -4  -2   2   4  -5   3   2  -7  -4  -3   0   0   1  -5  -3  -2 -10
F  -2  -6  -7  -7   2  -6  -7  -4  -3   5   5  -8   2   5  -5  -5  -3   2   1   4  -7  -7  -2 -10
P  -1   0   5   5  -2   0  -1   5   1  -9  -9   2  -7  -5  18   2   0  -6  -4  -6   5  -1  -1 -10
S  -1   1   3   3  -4   1   2   3   1  -6  -6   2  -4  -5   2   4   1  -3  -2  -5   3   1  -1 -10
T  -1   0   1   1  -3   0   2  -1  -1  -4  -4   1  -3  -3   0   1   2  -1  -1  -2   1   1  -1 -10
W  -1  -4  -5  -5  -1  -3  -4  -2  -2   3   1  -6   0   2  -6  -3  -1   8   1   3  -5  -4  -2 -10
Y  -1  -3  -3  -4  -1  -2  -3  -2  -1   1   0  -4   0   1  -4  -2  -1   1   2   1  -4  -3  -2 -10
V  -3  -7  -9 -10   3  -9 -10  -6  -3   8   4  -9   1   4  -6  -5  -2   3   1   8 -10 -10  -3 -10
B  -1   3   7   8  -6   4   5   3   1 -10  -9   5  -5  -7   5   3   1  -5  -4 -10   7   5  -1 -10
Z  -1   5   4   5  -6   6   8  -1   0  -9  -7   7  -3  -7  -1   1   1  -4  -3 -10   5   7  -1 -10
X  -1  -1  -1  -1  -2  -1  -1  -1  -1  -3  -3  -1  -2  -2  -1  -1  -1  -2  -2  -3  -1  -1  -1 -10
* -10 -10 -10 -10 -10 -10 -10 -10 -10 -10 -10 -10 -10 -10 -10 -10 -10 -10 -10 -10 -10 -10 -10   1
