#  NGPC000101
#  Substitution matrix (PHAT) built from hydrophobic and transmembrane regions
#  of the Blocks database (Ng et al., 2000)
#  PMID:11108698
#  Ng, P.C., Henikoff, J.G. and Henikoff, S.
#  PHAT: a transmembrane-specific substitution matrix
#  Bioinformatics 16, 760-766 (2000)
#  rows = ARNDCQEGHILKMFPSTWYV, cols = ARNDCQEGHILKMFPSTWYV
    A   R   N   D   C   Q   E   G   H   I   L   K   M   F   P   S   T   W   Y   V   B   Z   X   *
A   7  -6  -1  -5   2  -2  -5   2  -2   1   0  -7   0   0  -2   4   1  -4  -2   2  -3  -4  -1 -11
R  -6  12  -2  -7  -8  -1  -6  -5  -4  -6  -6   0  -6  -7  -7  -6  -6  -7  -6  -7  -5  -4  -5 -11
N  -1  -2  14   4  -1   4   1   0   6  -2  -2  -1  -1   0  -4   2   0  -5   4  -2   9   2   1 -11
D  -5  -7   4  15  -7   1   8  -1   0  -5  -5  -5  -5  -5  -5  -4  -5  -7  -4  -5   9   5  -2 -11
C   2  -8  -1  -7   9  -5  -7  -1  -7  -2  -1 -11  -1   1  -8   2   0  -4   0  -1  -4  -6  -2 -11
Q  -2  -1   4   1  -5  12   2  -1   4  -2  -2   0   0  -1  -2   0  -2   2   1  -2   2   7   0 -11
E  -5  -6   1   8  -7   2  15  -2   0  -5  -5  -4  -5  -5  -5  -2  -5  -7  -1  -5   5   9  -2 -11
G   2  -5   0  -1  -1  -1  -2  12  -4  -1  -1  -5   0  -1  -2   2   0  -5  -2  -1  -1  -2  -1 -11
H  -2  -4   6   0  -7   4   0  -4  14  -5  -4  -5  -4  -1  -6  -1  -4  -2   5  -5   3   2  -1 -11
I   1  -6  -2  -5  -2  -2  -5  -1  -5   7   4  -7   5   1  -4  -1   0  -4  -2   5  -4  -4  -1 -11
L   0  -6  -2  -5  -1  -2  -5  -1  -4   4   6  -7   4   2  -5  -1   0  -2  -1   2  -4  -4  -1 -11
K  -7   0  -1  -5 -11   0  -4  -5  -5  -7  -7   7  -6  -7  -4  -5  -6  -8  -4  -8  -3  -2  -5 -11
M   0  -6  -1  -5  -1   0  -5   0  -4   5   4  -6   8   1  -5  -1   1  -4  -1   2  -3  -2  -1 -11
F   0  -7   0  -5   1  -1  -5  -1  -1   1   2  -7   1   8  -5  -1  -1   1   6   0  -2  -3  -1 -11
P  -2  -7  -4  -5  -8  -2  -5  -2  -6  -4  -5  -4  -5  -5  16  -2  -4  -6  -5  -4  -4  -4  -3 -11
S   4  -6   2  -4   2   0  -2   2  -1  -1  -1  -5  -1  -1  -2   8   2  -5  -1  -1  -1  -1  -1 -11
T   1  -6   0  -5   0  -2  -5   0  -4   0   0  -6   1  -1  -4   2   5  -7  -2   1  -2  -4  -2 -11
W  -4  -7  -5  -7  -4   2  -7  -5  -2  -4  -2  -8  -4   1  -6  -5  -7  14   2  -4  -6  -2  -3 -11
Y  -2  -6   4  -4   0   1  -1  -2   5  -2  -1  -4  -1   6  -5  -1  -2   2  14  -2   0   0   0 -11
V   2  -7  -2  -5  -1  -2  -5  -1  -5   5   2  -8   2   0  -4  -1   1  -4  -2   6  -4  -4  -1 -11
B  -3  -5   9   9  -4   2   5  -1   3  -4  -4  -3  -3  -2  -4  -1  -2  -6   0  -4   9   4  -1 -11
Z  -4  -4   2   5  -6   7   9  -2   2  -4  -4  -2  -2  -3  -4  -1  -4  -2   0  -4   4   8  -1 -11
X  -1  -5   1  -2  -2   0  -2  -1  -1  -1  -1  -5  -1  -1  -3  -1  -2  -3   0  -1  -1  -1  -2 -11
* -11 -11 -11 -11 -11 -11 -11 -11 -11 -11 -11 -11 -11 -11 -11 -11 -11 -11 -11 -11 -11 -11 -11   1
