#  OGAK980101
#  Substitution matrix derived from structural alignments by maximizing entropy
#  (Ogata et al., 1998)
#  PMID:10522237
#  Ogata, K., Ohya, M. and Umeyama, H.
#  Amino acid similarity matrix for homology modeling derived from structural
#  alignment and optimized by the Monte Carlo method
#  Journal of Molecular Graphics and Modelling 16, 178-254 (1998)
#  rows = ARNDCQEGHILKMFPSTWYV, cols = ARNDCQEGHILKMFPSTWYV
    A   R   N   D   C   Q   E   G   H   I   L   K   M   F   P   S   T   W   Y   V   B   Z   X   *
A  10   0   0   1  -3   0   2   5  -3   0   2   2  -4  -4   1   6   4  -8  -2   5   0   1   1 -21
R   0   4  -1  -1  -5  -2  -2  -2  -4  -3  -4   2  -3  -4  -4   1   1 -10  -6  -1  -1  -2  -2 -21
N   0  -1  10   3  -7   0   2   1   1  -2  -3   1  -1  -5  -4   2   3  -7   0  -1   6   1   0 -21
D   1  -1   3   9  -5  -1   3   3  -4  -5   0   1  -5 -10  -1   6   2 -12  -1   0   6   1  -1 -21
C  -3  -5  -7  -5  16  -5 -13  -2  -9  -8  -3  -6  -7  -8  -5  -5  -2 -21 -15  -4  -6  -9  -6 -21
Q   0  -2   0  -1  -5   2   1  -2  -3  -4  -1   2  -6  -7  -4   0   0  -5  -1  -2  -1   2  -2 -21
E   2  -2   2   3 -13   1   7  -1  -3  -5  -1   2  -4  -5  -3   2   1  -4  -2  -1   3   4  -1 -21
G   5  -2   1   3  -2  -2  -1  12  -3  -4  -4   1  -5  -4  -1   3   2  -1  -2  -1   2  -2   0 -21
H  -3  -4   1  -4  -9  -3  -3  -3   4  -5  -4  -2 -11  -5  -2   0  -4 -11   1  -2  -2  -3  -3 -21
I   0  -3  -2  -5  -8  -4  -5  -4  -5   7   7  -4  -1  -1  -1  -1   0  -3  -1   6  -4  -4  -1 -21
L   2  -4  -3   0  -3  -1  -1  -4  -4   7  13  -1   0   2   2   3   4   1   2   5  -1  -1   1 -21
K   2   2   1   1  -6   2   2   1  -2  -4  -1   7  -5  -7  -2   2   3 -10  -1   2   1   2  -1 -21
M  -4  -3  -1  -5  -7  -6  -4  -5 -11  -1   0  -5   2  -6  -7  -2  -1  -1  -4  -1  -3  -5  -4 -21
F  -4  -4  -5 -10  -8  -7  -5  -4  -5  -1   2  -7  -6   6  -7  -5  -3   1   4   0  -8  -6  -3 -21
P   1  -4  -4  -1  -5  -4  -3  -1  -2  -1   2  -2  -7  -7   6   1   2 -14  -4  -2  -3  -4  -3 -21
S   6   1   2   6  -5   0   2   3   0  -1   3   2  -2  -5   1  10   7  -2  -1   1   4   1   1 -21
T   4   1   3   2  -2   0   1   2  -4   0   4   3  -1  -3   2   7   9  -2   1   4   3   1   1 -21
W  -8 -10  -7 -12 -21  -5  -4  -1 -11  -3   1 -10  -1   1 -14  -2  -2   9   2  -3  -9  -4  -5 -21
Y  -2  -6   0  -1 -15  -1  -2  -2   1  -1   2  -1  -4   4  -4  -1   1   2  10  -1   0  -1  -1 -21
V   5  -1  -1   0  -4  -2  -1  -1  -2   6   5   2  -1   0  -2   1   4  -3  -1  10   0  -1   1 -21
B   0  -1   6   6  -6  -1   3   2  -2  -4  -1   1  -3  -8  -3   4   3  -9   0   0   6   1  -1 -21
Z   1  -2   1   1  -9   2   4  -2  -3  -4  -1   2  -5  -6  -4   1   1  -4  -1  -1   1   3  -2 -21
X   1  -2   0  -1  -6  -2  -1   0  -3  -1   1  -1  -4  -3  -3   1   1  -5  -1   1  -1  -2  -1 -21
* -21 -21 -21 -21 -21 -21 -21 -21 -21 -21 -21 -21 -21 -21 -21 -21 -21 -21 -21 -21 -21 -21 -21   1
