#  QU_C930101
#  Cross-correlation coefficients of preference factors
#  main chain (Qu et al., 1993)
#  LIT:1906100 PMID:8381879
#  Qu, C., Lai, L., Xu, X. and Tang, Y.
#  Phyletic relationships of protein structures based on spatial prefernce
#  of residues
#  J. Mol. Evol. 36, 67-78 (1993)
#  rows = ARNDCQEGHILKMFPSTWYV, cols = ARNDCQEGHILKMFPSTWYV
    A   R   N   D   C   Q   E   G   H   I   L   K   M   F   P   S   T   W   Y   V   B   Z   X   *
A  10   0   0  -1  -2  -2  -1   1   0   2   3   0  -3   4  -3  -3  -7  -5   5   3  -1  -1   0 -12
R   0  10  -2  -8  -2  -7   0   0  -5  -1   1  -2   0   3  -7  -7  -5  -7  -3   3  -5  -4  -2 -12
N   0  -2  10  -5  -4  -5  -3  -1  -1   1  -3  -3   1  -2  -4  -7  -5  -2   0   2   2  -4  -2 -12
D  -1  -8  -5  10  -6  -1  -4  -2  -8  -2  -2  -3 -11   2  -6  -6  -1   3  -1  -4   2  -2  -3 -12
C  -2  -2  -4  -6  10  -3  -1  -2   3  -7   2  -5  -6   3   0  -9  -5  -3  -3   1  -5  -2  -2 -12
Q  -2  -7  -5  -1  -3  10  -2   2   4   0  -2  -1  -3   0  -9   1   0   2  -3  -1  -3   4  -1 -12
E  -1   0  -3  -4  -1  -2  10  -3  -4  -3  -1  -2  -4   1 -10  -7  -2  -4  -2   1  -3   4  -2 -12
G   1   0  -1  -2  -2   2  -3  10   2   1  -1  -6  -1   1  -6  -6  -1  -4   0   4  -2  -1  -1 -12
H   0  -5  -1  -8   3   4  -4   2  10   1   1  -5   1   1  -1  -4  -2  -2  -5   3  -5   0  -1 -12
I   2  -1   1  -2  -7   0  -3   1   1  10   3  -5   1   3  -5  -3   0   0  -1   4   0  -1   0 -12
L   3   1  -3  -2   2  -2  -1  -1   1   3  10  -7  -4   6  -5  -7   0  -2  -2   4  -2  -2   0 -12
K   0  -2  -3  -3  -5  -1  -2  -6  -5  -5  -7  10  -1  -3  -4  -4  -9   1   1  -2  -3  -1  -3 -12
M  -3   0   1 -11  -6  -3  -4  -1   1   1  -4  -1  10  -4  -2  -3  -8  -7  -7  -2  -5  -3  -3 -12
F   4   3  -2   2   3   0   1   1   1   3   6  -3  -4  10  -5  -6  -1   1   1   4   0   0   1 -12
P  -3  -7  -4  -6   0  -9 -10  -6  -1  -5  -5  -4  -2  -5  10 -12 -12  -8  -7  -6  -5  -9  -5 -12
S  -3  -7  -7  -6  -9   1  -7  -6  -4  -3  -7  -4  -3  -6 -12  10  -8  -6  -8  -8  -6  -3  -5 -12
T  -7  -5  -5  -1  -5   0  -2  -1  -2   0   0  -9  -8  -1 -12  -8  10   3  -6  -1  -3  -1  -3 -12
W  -5  -7  -2   3  -3   2  -4  -4  -2   0  -2   1  -7   1  -8  -6   3  10  -1   0   1  -1  -1 -12
Y   5  -3   0  -1  -3  -3  -2   0  -5  -1  -2   1  -7   1  -7  -8  -6  -1  10   4   0  -2  -1 -12
V   3   3   2  -4   1  -1   1   4   3   4   4  -2  -2   4  -6  -8  -1   0   4  10  -1   0   1 -12
B  -1  -5   2   2  -5  -3  -3  -2  -5   0  -2  -3  -5   0  -5  -6  -3   1   0  -1   2  -3  -2 -12
Z  -1  -4  -4  -2  -2   4   4  -1   0  -1  -2  -1  -3   0  -9  -3  -1  -1  -2   0  -3   4  -1 -12
X   0  -2  -2  -3  -2  -1  -2  -1  -1   0   0  -3  -3   1  -5  -5  -3  -1  -1   1  -2  -1  -2 -12
* -12 -12 -12 -12 -12 -12 -12 -12 -12 -12 -12 -12 -12 -12 -12 -12 -12 -12 -12 -12 -12 -12 -12   1
