#  RIER950101
#  Hydrophobicity scoring matrix (Riek et al., 1995)
#  PMID:7715195
#  Riek, R.P., Handschumacher, M.D., Sung, S.S., Tan, M., Glynias, M.J.,
#  Schluchter, M.D., Novotny, J. and Graham, R.M.
#  Evolutionary conservation of both the hydrophilic and hydrophobic nature of
#  transmembrane residues.
#  J. Theor. Biol. 172, 245-258 (1995)
#  rows = ARNDCQEGHILKMFPSTWYV, cols = ARNDCQEGHILKMFPSTWYV
    A   R   N   D   C   Q   E   G   H   I   L   K   M   F   P   S   T   W   Y   V   B   Z   X   *
A   4 -11  -3  -8   4  -2  -6   4  -1   3   3  -7   2   2   2   3   4   4   3   3  -5  -4   0 -13
R -11   4  -4   1 -11  -5   0 -10  -6 -13 -12   0 -13 -13  -9 -10 -11 -11 -10 -12  -1  -2  -8 -13
N  -3  -4   4   0  -3   4   1  -2   2  -4  -4   0  -5  -5  -1  -2  -2  -3  -2  -4   2   2  -2 -13
D  -8   1   0   4  -8  -1   3  -7  -3  -9  -9   4 -10 -10  -6  -6  -7  -8  -7  -9   2   1  -5 -13
C   4 -11  -3  -8   4  -2  -7   3  -1   3   4  -8   3   2   2   3   4   4   3   4  -6  -5   0 -13
Q  -2  -5   4  -1  -2   4   0  -1   3  -4  -3  -1  -4  -4   0  -1  -1  -2  -1  -3   1   2  -1 -13
E  -6   0   1   3  -7   0   4  -6  -1  -8  -8   4  -9  -9  -5  -5  -6  -7  -6  -8   2   2  -4 -13
G   4 -10  -2  -7   3  -1  -6   4   0   2   2  -6   2   1   3   4   4   3   4   3  -5  -4   0 -13
H  -1  -6   2  -3  -1   3  -1   0   4  -2  -2  -2  -3  -3   1   0   0  -1   0  -2   0   1  -1 -13
I   3 -13  -4  -9   3  -4  -8   2  -2   4   4  -9   4   4   1   2   2   3   2   4  -7  -6  -1 -13
L   3 -12  -4  -9   4  -3  -8   2  -2   4   4  -9   4   3   1   2   3   3   2   4  -7  -6   0 -13
K  -7   0   0   4  -8  -1   4  -6  -2  -9  -9   4  -9 -10  -5  -6  -7  -8  -6  -8   2   1  -4 -13
M   2 -13  -5 -10   3  -4  -9   2  -3   4   4  -9   4   4   0   1   2   3   1   4  -7  -6  -1 -13
F   2 -13  -5 -10   2  -4  -9   1  -3   4   3 -10   4   4   0   1   2   2   1   3  -8  -7  -1 -13
P   2  -9  -1  -6   2   0  -5   3   1   1   1  -5   0   0   4   4   3   2   3   1  -3  -2   0 -13
S   3 -10  -2  -6   3  -1  -5   4   0   2   2  -6   1   1   4   4   4   3   4   2  -4  -3   0 -13
T   4 -11  -2  -7   4  -1  -6   4   0   2   3  -7   2   2   3   4   4   4   4   3  -5  -4   0 -13
W   4 -11  -3  -8   4  -2  -7   3  -1   3   3  -8   3   2   2   3   4   4   3   4  -5  -5   0 -13
Y   3 -10  -2  -7   3  -1  -6   4   0   2   2  -6   1   1   3   4   4   3   4   2  -4  -3   0 -13
V   3 -12  -4  -9   4  -3  -8   3  -2   4   4  -8   4   3   1   2   3   4   2   4  -6  -5   0 -13
B  -5  -1   2   2  -6   1   2  -5   0  -7  -7   2  -7  -8  -3  -4  -5  -5  -4  -6   2   2  -3 -13
Z  -4  -2   2   1  -5   2   2  -4   1  -6  -6   1  -6  -7  -2  -3  -4  -5  -3  -5   2   2  -3 -13
X   0  -8  -2  -5   0  -1  -4   0  -1  -1   0  -4  -1  -1   0   0   0   0   0   0  -3  -3  -1 -13
* -13 -13 -13 -13 -13 -13 -13 -13 -13 -13 -13 -13 -13 -13 -13 -13 -13 -13 -13 -13 -13 -13 -13   1
