#  TUDE900101
#  isomorphicity of replacements (Tudos et al., 1990)
#  LIT:1616619 PMID:2279846
#  Tudos, E., Cserzo, M. and Simon, I.
#  Predicting isomorphic residue replacements for protein design
#  Int. J. Peptide Protein Res. 36, 236-239 (1990)
#  Diagonal elements are missing.
#  We use 100 as diagonal elements.
#  rows = ARNDCQEGHILKMFPSTWYV, cols = ARNDCQEGHILKMFPSTWYV
    A   R   N   D   C   Q   E   G   H   I   L   K   M   F   P   S   T   W   Y   V   B   Z   X   *
A  13  -2  -3  -2  -1  -2   0  -2  -3  -4  -3  -2  -2  -3  -2   0  -2  -4  -5  -4  -2  -1  -2  -8
R  -2  13   0  -2  -4   2   0  -3  -2  -6  -5   2  -2  -4  -3  -3  -3  -3  -2  -5  -1   1  -2  -8
N  -3   0  13   3  -3   0   0   0  -1  -7  -7   1  -4  -5  -1  -2   0  -3  -4  -6   8   0  -2  -8
D  -2  -2   3  13  -5  -1   3  -1   0  -8  -8   0  -4  -6  -2  -1   0  -5  -5  -7   8   1  -2  -8
C  -1  -4  -3  -5  13  -3  -5  -2  -2   0   0  -4  -2   0  -2  -3  -3  -1  -1  -1  -4  -4  -1  -8
Q  -2   2   0  -1  -3  13   3  -3  -3  -5  -6   2  -4  -5  -2  -3  -3  -2  -5  -4   0   8  -2  -8
E   0   0   0   3  -5   3  13  -3  -3  -7  -8   2  -4  -8  -3  -3  -4  -3  -6  -5   1   8  -2  -8
G  -2  -3   0  -1  -2  -3  -3  13  -3  -5  -4  -4  -3  -4  -1  -1  -4  -4  -5  -4  -1  -3  -2  -8
H  -3  -2  -1   0  -2  -3  -3  -3  13  -2  -3  -3  -3  -3  -2  -2  -3  -3   0  -3  -1  -3  -2  -8
I  -4  -6  -7  -8   0  -5  -7  -5  -2  13   5  -4   1   3  -5  -4  -3   0   2   5  -7  -6  -2  -8
L  -3  -5  -7  -8   0  -6  -8  -4  -3   5  13  -7   2   3  -4  -4  -4  -1   0   2  -7  -7  -2  -8
K  -2   2   1   0  -4   2   2  -4  -3  -4  -7  13  -5  -6  -2  -3  -3  -3  -5  -4   0   2  -2  -8
M  -2  -2  -4  -4  -2  -4  -4  -3  -3   1   2  -5  13   1  -3  -3  -3   0  -1   0  -4  -4  -1  -8
F  -3  -4  -5  -6   0  -5  -8  -4  -3   3   3  -6   1  13  -2  -2  -1  -1   2   0  -6  -6  -1  -8
P  -2  -3  -1  -2  -2  -2  -3  -1  -2  -5  -4  -2  -3  -2  13   0  -2  -3  -3  -5  -1  -2  -2  -8
S   0  -3  -2  -1  -3  -3  -3  -1  -2  -4  -4  -3  -3  -2   0  13   2  -5  -4  -4  -1  -3  -2  -8
T  -2  -3   0   0  -3  -3  -4  -4  -3  -3  -4  -3  -3  -1  -2   2  13  -3  -2  -3   0  -4  -2  -8
W  -4  -3  -3  -5  -1  -2  -3  -4  -3   0  -1  -3   0  -1  -3  -5  -3  13  -1   0  -4  -3  -2  -8
Y  -5  -2  -4  -5  -1  -5  -6  -5   0   2   0  -5  -1   2  -3  -4  -2  -1  13   1  -5  -6  -2  -8
V  -4  -5  -6  -7  -1  -4  -5  -4  -3   5   2  -4   0   0  -5  -4  -3   0   1  13  -6  -4  -2  -8
B  -2  -1   8   8  -4   0   1  -1  -1  -7  -7   0  -4  -6  -1  -1   0  -4  -5  -6   8   1  -2  -8
Z  -1   1   0   1  -4   8   8  -3  -3  -6  -7   2  -4  -6  -2  -3  -4  -3  -6  -4   1   8  -2  -8
X  -2  -2  -2  -2  -1  -2  -2  -2  -2  -2  -2  -2  -1  -1  -2  -2  -2  -2  -2  -2  -2  -2  -2  -8
*  -8  -8  -8  -8  -8  -8  -8  -8  -8  -8  -8  -8  -8  -8  -8  -8  -8  -8  -8  -8  -8  -8  -8   1
