#  AZAE970102
#  The substitution matrix derived from spatially conserved motifs
#  (Azarya-Sprinzak et al., 1997)
#  PMID:9488136
#  Azarya-Sprinzak, E., Naor, D., Wolfson, H.J. and Nussinov, R.
#  Interchanges of spatially neighbouring residues in structurally conserved
#  environments.
#  Protein Engineering 10, 1109-1122 (1997)
#  rows = ARNDCQEGHILKMFPSTWYV, cols = ARNDCQEGHILKMFPSTWYV
    A   R   N   D   C   Q   E   G   H   I   L   K   M   F   P   S   T   W   Y   V   B   Z   X   *
A   4  -1  -1  -1   0  -1  -1  -1  -3  -3  -1  -1  -1  -3  -2  -1  -3  -2  -2  -4  -1  -1  -1 -11
R  -1   6   4   5  -6   7   6  -1   0  -8  -6   8  -3  -7  -1   1   0  -4  -3  -8   4   6  -1 -11
N  -1   4   6   7  -5   6   4   4   0  -9  -8   6  -4  -8   4   3   0  -4  -4  -9   7   5   0 -11
D  -1   5   7  10  -7   8   6   4   1 -10  -8   6  -6  -8   4   3   1  -4  -5 -10   8   7   0 -11
C   0  -6  -5  -7   8  -8  -6  -1  -2   1   0  -8  -1   1  -3  -3  -3  -1  -1   2  -6  -7  -2 -11
Q  -1   7   6   8  -8  11   8  -1   0 -10  -8  10  -3  -8  -1   1   0  -5  -4 -10   7   9   0 -11
E  -1   6   4   6  -6   8   4  -1  -1  -8  -6   8  -1  -6  -1   1  -1  -5  -2  -9   5   6  -1 -11
G  -1  -1   4   4  -1  -1  -1  11   2  -7  -7  -1  -5  -3   6   3  -1  -2  -2  -6   4  -1  -1 -11
H  -3   0   0   1  -2   0  -1   2   2  -3  -4   0  -3  -2   1   0   1  -2  -1  -3   1   0  -1 -11
I  -3  -8  -9 -10   1 -10  -8  -7  -3   6   4 -10   1   4  -8  -6  -3   1   1   6  -9  -9  -3 -11
L  -1  -6  -8  -8   0  -8  -6  -7  -4   4   6  -8   3   3  -8  -6  -4   1   0   3  -8  -7  -3 -11
K  -1   8   6   6  -8  10   8  -1   0 -10  -8  13  -5  -8  -1   1   0  -6  -4 -11   6   9  -1 -11
M  -1  -3  -4  -6  -1  -3  -1  -5  -3   1   3  -5   1   1  -8  -5  -3   0   0  -1  -5  -2  -2 -11
F  -3  -7  -8  -8   1  -8  -6  -3  -2   4   3  -8   1   4  -5  -5  -3   1   1   4  -8  -7  -2 -11
P  -2  -1   4   4  -3  -1  -1   6   1  -8  -8  -1  -8  -5  22   2   1  -4  -4  -5   4  -1  -1 -11
S  -1   1   3   3  -3   1   1   3   0  -6  -6   1  -5  -5   2   4   1  -3  -2  -5   3   1  -1 -11
T  -3   0   0   1  -3   0  -1  -1   1  -3  -4   0  -3  -3   1   1   3  -2  -1  -2   0   0  -1 -11
W  -2  -4  -4  -4  -1  -5  -5  -2  -2   1   1  -6   0   1  -4  -3  -2   3   0   1  -4  -5  -2 -11
Y  -2  -3  -4  -5  -1  -4  -2  -2  -1   1   0  -4   0   1  -4  -2  -1   0   1   0  -5  -3  -2 -11
V  -4  -8  -9 -10   2 -10  -9  -6  -3   6   3 -11  -1   4  -5  -5  -2   1   0   7  -9  -9  -3 -11
B  -1   4   7   8  -6   7   5   4   1  -9  -8   6  -5  -8   4   3   0  -4  -5  -9   8   6   0 -11
Z  -1   6   5   7  -7   9   6  -1   0  -9  -7   9  -2  -7  -1   1   0  -5  -3  -9   6   8  -1 -11
X  -1  -1   0   0  -2   0  -1  -1  -1  -3  -3  -1  -2  -2  -1  -1  -1  -2  -2  -3   0  -1  -1 -11
* -11 -11 -11 -11 -11 -11 -11 -11 -11 -11 -11 -11 -11 -11 -11 -11 -11 -11 -11 -11 -11 -11 -11   1
