#  BENS940104
#  Genetic code matrix (Benner et al., 1994)
#  LIT:2023094 PMID:7700864
#  Benner, S.A., Cohen, M.A. and Gonnet, G.H.
#  Amino acid substitution during functionally constrained divergent
#  evolution of protein sequences
#  Protein Engineering 7, 1323-1332 (1994)
#  extrapolated to 250 PAM
#  rows = ARNDCQEGHILKMFPSTWYV, cols = ARNDCQEGHILKMFPSTWYV
    A   R   N   D   C   Q   E   G   H   I   L   K   M   F   P   S   T   W   Y   V   B   Z   X   *
A   8  -4  -4   2  -5  -5   2   2  -5  -5  -6  -5  -5  -6   1   0   1  -5  -6   2  -1  -2  -2  -8
R  -4   6  -4  -6   1   0  -5   1   7  -3  -2  -1  -2  -4   0   0  -2   3  -5  -5  -5  -2  -1  -8
N  -4  -4  10   3  -4   0   0  -6   3   1  -5   7   0  -3  -4  -1   1  -7   5  -5   6   0  -1  -8
D   2  -6   3  10  -4   0   8   2   3  -5  -6   0  -6  -4  -5  -5  -5  -7   4   2   6   4  -1  -8
C  -5   1  -4  -4  11  -7  -7   2  -4  -5  -3  -8  -7   3  -5   3  -5   8   5  -5  -4  -7  -2  -8
Q  -5   0   0   0  -7  11   4  -5   7  -5   0   4  -3  -5   2  -6  -4  -6  -2  -5   0   8  -1  -8
E   2  -5   0   8  -7   4  12   2   0  -6  -6   4  -5  -7  -5  -7  -5  -8  -3   2   4   8  -1  -8
G   2   1  -6   2   2  -5   2   9  -5  -6  -5  -5  -6  -5  -5  -2  -5   2  -5   2  -2  -1  -2  -8
H  -5   7   3   3  -4   7   0  -5  10  -5  -1   1  -5  -3   1  -4  -5  -5   4  -5   3   4  -1  -8
I  -5  -3   1  -5  -5  -5  -6  -6  -5   8   2   1   7   2  -4  -2   1  -5  -4   2  -2  -5  -2  -8
L  -6  -2  -5  -6  -3   0  -6  -5  -1   2   7  -5   3   4  -1  -3  -5  -1  -4   2  -6  -3  -2  -8
K  -5  -1   7   0  -8   4   4  -5   1   1  -5  12   3  -7  -4  -4   2  -7  -2  -5   3   4  -1  -8
M  -5  -2   0  -6  -7  -3  -5  -6  -5   7   3   3  11   0  -4  -3   1  -5  -7   2  -3  -4  -2  -8
F  -6  -4  -3  -4   3  -5  -7  -5  -3   2   4  -7   0   9  -5  -1  -5  -1   4   2  -4  -6  -2  -8
P   1   0  -4  -5  -5   2  -5  -5   1  -4  -1  -4  -4  -5   8   0   2  -4  -6  -5  -5  -2  -2  -8
S   0   0  -1  -5   3  -6  -7  -2  -4  -2  -3  -4  -3  -1   0   5   2   1   0  -5  -3  -6  -2  -8
T   1  -2   1  -5  -5  -4  -5  -5  -5   1  -5   2   1  -5   2   2   8  -5  -5  -5  -2  -5  -2  -8
W  -5   3  -7  -7   8  -6  -8   2  -5  -5  -1  -7  -5  -1  -4   1  -5  16  -2  -5  -7  -7  -2  -8
Y  -6  -5   5   4   5  -2  -3  -5   4  -4  -4  -2  -7   4  -6   0  -5  -2  14  -5   5  -2  -1  -8
V   2  -5  -5   2  -5  -5   2   2  -5   2   2  -5   2   2  -5  -5  -5  -5  -5   8  -2  -1  -2  -8
B  -1  -5   6   6  -4   0   4  -2   3  -2  -6   3  -3  -4  -5  -3  -2  -7   5  -2   6   2  -1  -8
Z  -2  -2   0   4  -7   8   8  -1   4  -5  -3   4  -4  -6  -2  -6  -5  -7  -2  -1   2   8  -1  -8
X  -2  -1  -1  -1  -2  -1  -1  -2  -1  -2  -2  -1  -2  -2  -2  -2  -2  -2  -1  -2  -1  -1  -2  -8
*  -8  -8  -8  -8  -8  -8  -8  -8  -8  -8  -8  -8  -8  -8  -8  -8  -8  -8  -8  -8  -8  -8  -8   1
