#  BLAJ010101
#  Matrix built from structural superposition data for identifying potential
#  remote homologues (Blake-Cohen, 2001)
#  PMID:11254392
#  Blake, J.D. and Cohen, F.E.
#  Pairwise sequence alignment below the twilight zone
#  J Mol Biol. 307, 721-735 (2001)
#  rows = ARNDCQEGHILKMFPSTWYV, cols = ARNDCQEGHILKMFPSTWYV
    A   R   N   D   C   Q   E   G   H   I   L   K   M   F   P   S   T   W   Y   V   B   Z   X   *
A   5   0   0   0  -3   0   0   0  -1   0  -1   0  -1  -1  -1   0  -2  -7  -2   0   0   0  -1 -15
R   0   8   0  -1 -10   4   2  -1   1  -4  -3   4  -5  -4  -2   1   0  -4  -1  -3  -1   3  -1 -15
N   0   0   7   3  -8   0   0   0   3  -5  -4   1  -4  -2  -1   2   1  -6   0  -3   5   0  -1 -15
D   0  -1   3  10  -8   0   3   1   0  -6  -6   0  -4  -4   1   0   0  -4  -4  -6   7   2  -1 -15
C  -3 -10  -8  -8  24  -9 -12  -9 -11  -2  -7 -14  -6  -8 -11 -11 -12 -15  -1   0  -8 -11  -7 -15
Q   0   4   0   0  -9   8   3  -2   1  -4  -6   2  -5  -3  -3   0   1  -8  -3  -1   0   5  -1 -15
E   0   2   0   3 -12   3   7   0   0  -5  -5   3  -4  -6  -1   0   2  -2  -3  -4   2   5  -1 -15
G   0  -1   0   1  -9  -2   0  10  -1  -2  -4   0  -4  -5   0   0  -3  -6  -6  -3   1  -1  -2 -15
H  -1   1   3   0 -11   1   0  -1  14  -3  -3   0  -3  -1  -3   0   0  -6   0  -4   2   0  -1 -15
I   0  -4  -5  -6  -2  -4  -5  -2  -3   6   4  -4   6   2  -2  -4  -2  -4  -1   5  -5  -5  -1 -15
L  -1  -3  -4  -6  -7  -6  -5  -4  -3   4   6  -3   7   2   0  -3  -3   1  -3   3  -5  -6  -1 -15
K   0   4   1   0 -14   2   3   0   0  -4  -3   5  -3  -5   0   0   0  -4  -3  -4   0   3  -1 -15
M  -1  -5  -4  -4  -6  -5  -4  -4  -3   6   7  -3   8   0  -3  -4  -2  -3  -2   3  -4  -4  -2 -15
F  -1  -4  -2  -4  -8  -3  -6  -5  -1   2   2  -5   0  10  -3  -3  -1   5   5   0  -3  -4  -1 -15
P  -1  -2  -1   1 -11  -3  -1   0  -3  -2   0   0  -3  -3  11   0  -1  -3  -5  -3   0  -2  -1 -15
S   0   1   2   0 -11   0   0   0   0  -4  -3   0  -4  -3   0   5   3  -4  -1  -3   1   0  -1 -15
T  -2   0   1   0 -12   1   2  -3   0  -2  -3   0  -2  -1  -1   3   4   0   2  -1   0   1  -1 -15
W  -7  -4  -6  -4 -15  -8  -2  -6  -6  -4   1  -4  -3   5  -3  -4   0  19   0  -3  -5  -5  -3 -15
Y  -2  -1   0  -4  -1  -3  -3  -6   0  -1  -3  -3  -2   5  -5  -1   2   0  11  -1  -2  -3  -1 -15
V   0  -3  -3  -6   0  -1  -4  -3  -4   5   3  -4   3   0  -3  -3  -1  -3  -1   5  -4  -3  -1 -15
B   0  -1   5   7  -8   0   2   1   2  -5  -5   0  -4  -3   0   1   0  -5  -2  -4   6   1  -1 -15
Z   0   3   0   2 -11   5   5  -1   0  -5  -6   3  -4  -4  -2   0   1  -5  -3  -3   1   5  -1 -15
X  -1  -1  -1  -1  -7  -1  -1  -2  -1  -1  -1  -1  -2  -1  -1  -1  -1  -3  -1  -1  -1  -1  -2 -15
* -15 -15 -15 -15 -15 -15 -15 -15 -15 -15 -15 -15 -15 -15 -15 -15 -15 -15 -15 -15 -15 -15 -15   1
