#  GIAG010101
#  Residue substitutions matrix from thermo/mesophilic to psychrophilic
#  enzymes (Gianese et al., 2001)
#  PMID:11342709
#  Gianese, G., Argos, P. and Pascarella, S.
#  Structural adaptation of enzymes to low temperatures
#  Protein Eng. 14, 141-148 (2001)
#  (rows = WARM, cols = COLD)
#  rows = ARNDCQEGHILKMFPSTWYV, cols = ARNDCQEGHILKMFPSTWYV
    A   R   N   D   C   Q   E   G   H   I   L   K   M   F   P   S   T   W   Y   V   B   Z   X   *
A  -2  11  -4   4   0  -1  28 -11  -1   3  -4   8  -3  -1   9   0  -6   0   0  19   0  14   3 -20
R  11  -2 -13  -6  -3 -12  -6  -6  -2  -3  -4 -20  -2   1  -4 -13  -8  -3  -3  -5 -10  -9  -5 -20
N  -4 -13  -2   5  -3   3   8   0   0  -1   1  11  -1   0   3   5   6  -2  -4   3   2   6   1 -20
D   4  -6   5  -2  -1   5  13   4  -1  -2   3   2  -2  -1   2   0  -8  -1  -1  -2   2   9   1 -20
C   0  -3  -3  -1  -2  -2   0   0  -2  -1  -3  -2  -2  -2  -2  -2   3  -1  -2   2  -2  -1  -1 -20
Q  -1 -12   3   5  -2  -2   6   1  -4   1   6   8  -4   0   0  -2  -5  -1  -2   3   4   2   0 -20
E  28  -6   8  13   0   6  -2  -2   0  -4   0   7  -4  -1   2 -16 -13  -1  -1  -1  11   2   1 -20
G -11  -6   0   4   0   1  -2  -2  -3  -2  -1   1  -4   1  -1  -2  -1  -1  -3  -4   2   0  -2 -20
H  -1  -2   0  -1  -2  -4   0  -3  -2  -2  -3   0  -2   1  -3  -3  -2   0   0  -2   0  -2  -1 -20
I   3  -3  -1  -2  -1   1  -4  -2  -2  -2   0   2  -8  -1  -3  -3  -6   1  -2   9  -1  -2  -1 -20
L  -4  -4   1   3  -3   6   0  -1  -3   0  -2   2  -3   4  -5  -1  -1  -2   2  -2   2   3  -1 -20
K   8 -20  11   2  -2   8   7   1   0   2   2  -2  -6   2  -2 -15  -9  -2  -2  -7   7   8  -1 -20
M  -3  -2  -1  -2  -2  -4  -4  -4  -2  -8  -3  -6  -2  -3  -1  -1  -2  -3  -1   4  -1  -4  -2 -20
F  -1   1   0  -1  -2   0  -1   1   1  -1   4   2  -3  -2  -2  -4   3   2  -4  -3   0  -1   0 -20
P   9  -4   3   2  -2   0   2  -1  -3  -3  -5  -2  -1  -2  -2 -11  -4  -1  -2  -3   2   1  -1 -20
S   0 -13   5   0  -2  -2 -16  -2  -3  -3  -1 -15  -1  -4 -11  -2   7  -1  -1  -2   3  -9  -3 -20
T  -6  -8   6  -8   3  -5 -13  -1  -2  -6  -1  -9  -2   3  -4   7  -2   0  -4   6  -1  -9  -2 -20
W   0  -3  -2  -1  -1  -1  -1  -1   0   1  -2  -2  -3   2  -1  -1   0  -2  -1  -2  -1  -1  -1 -20
Y   0  -3  -4  -1  -2  -2  -1  -3   0  -2   2  -2  -1  -4  -2  -1  -4  -1  -2  -1  -2  -1  -2 -20
V  19  -5   3  -2   2   3  -1  -4  -2   9  -2  -7   4  -3  -3  -2   6  -2  -1  -2   0   1   0 -20
B   0 -10   2   2  -2   4  11   2   0  -1   2   7  -1   0   2   3  -1  -1  -2   0   2   7   1 -20
Z  14  -9   6   9  -1   2   2   0  -2  -2   3   8  -4  -1   1  -9  -9  -1  -1   1   7   2   0 -20
X   3  -5   1   1  -1   0   1  -2  -1  -1  -1  -1  -2   0  -1  -3  -2  -1  -2   0   1   0  -1 -20
* -20 -20 -20 -20 -20 -20 -20 -20 -20 -20 -20 -20 -20 -20 -20 -20 -20 -20 -20 -20 -20 -20 -20   1
