#  HENS920101
#  BLOSUM45 substitution matrix (Henikoff-Henikoff, 1992)
#  LIT:1902106 PMID:1438297
#  Henikoff, S. and Henikoff, J.G.
#  Amino acid substitution matrices from protein blocks
#  Proc. Natl. Acad. Sci. USA 89, 10915-10919 (1992)
#  matrix in 1/3 Bit Units
#  rows = ARNDCQEGHILKMFPSTWYV, cols = ARNDCQEGHILKMFPSTWYV
    A   R   N   D   C   Q   E   G   H   I   L   K   M   F   P   S   T   W   Y   V   B   Z   X   *
A   8  -3  -2  -3  -2  -2  -2   0  -3  -2  -2  -2  -2  -3  -2   2   0  -3  -3   0  -3  -2  -1  -8
R  -3  12   0  -2  -5   2   0  -3   0  -5  -3   5  -2  -3  -3  -2  -2  -3  -2  -3  -1   1  -1  -8
N  -2   0  10   3  -3   0   0   0   2  -3  -5   0  -3  -3  -3   2   0  -7  -3  -5   7   0  -1  -8
D  -3  -2   3  12  -5   0   3  -2   0  -7  -5   0  -5  -7  -2   0  -2  -7  -3  -5   7   2  -2  -8
C  -2  -5  -3  -5  20  -5  -5  -5  -5  -5  -3  -5  -3  -3  -7  -2  -2  -8  -5  -2  -4  -5  -3  -8
Q  -2   2   0   0  -5  10   3  -3   2  -3  -3   2   0  -7  -2   0  -2  -3  -2  -5   0   7  -1  -8
E  -2   0   0   3  -5   3  10  -3   0  -5  -3   2  -3  -5   0   0  -2  -5  -3  -5   2   7  -1  -8
G   0  -3   0  -2  -5  -3  -3  12  -3  -7  -5  -3  -3  -5  -3   0  -3  -3  -5  -5  -1  -3  -3  -8
H  -3   0   2   0  -5   2   0  -3  17  -5  -3  -2   0  -3  -3  -2  -3  -5   3  -5   1   1  -1  -8
I  -2  -5  -3  -7  -5  -3  -5  -7  -5   8   3  -5   3   0  -3  -3  -2  -3   0   5  -5  -4  -2  -8
L  -2  -3  -5  -5  -3  -3  -3  -5  -3   3   8  -5   3   2  -5  -5  -2  -3   0   2  -5  -3  -2  -8
K  -2   5   0   0  -5   2   2  -3  -2  -5  -5   8  -2  -5  -2  -2  -2  -3  -2  -3   0   2  -1  -8
M  -2  -2  -3  -5  -3   0  -3  -3   0   3   3  -2  10   0  -3  -3  -2  -3   0   2  -4  -2  -1  -8
F  -3  -3  -3  -7  -3  -7  -5  -5  -3   0   2  -5   0  13  -5  -3  -2   2   5   0  -5  -6  -2  -8
P  -2  -3  -3  -2  -7  -2   0  -3  -3  -3  -5  -2  -3  -5  15  -2  -2  -5  -5  -5  -3  -1  -2  -8
S   2  -2   2   0  -2   0   0   0  -2  -3  -5  -2  -3  -3  -2   7   3  -7  -3  -2   1   0  -1  -8
T   0  -2   0  -2  -2  -2  -2  -3  -3  -2  -2  -2  -2  -2  -2   3   8  -5  -2   0  -1  -2  -1  -8
W  -3  -3  -7  -7  -8  -3  -5  -3  -5  -3  -3  -3  -3   2  -5  -7  -5  25   5  -5  -7  -4  -3  -8
Y  -3  -2  -3  -3  -5  -2  -3  -5   3   0   0  -2   0   5  -5  -3  -2   5  13  -2  -3  -3  -1  -8
V   0  -3  -5  -5  -2  -5  -5  -5  -5   5   2  -3   2   0  -5  -2   0  -5  -2   8  -5  -5  -2  -8
B  -3  -1   7   7  -4   0   2  -1   1  -5  -5   0  -4  -5  -3   1  -1  -7  -3  -5   7   1  -2  -8
Z  -2   1   0   2  -5   7   7  -3   1  -4  -3   2  -2  -6  -1   0  -2  -4  -3  -5   1   7  -1  -8
X  -1  -1  -1  -2  -3  -1  -1  -3  -1  -2  -2  -1  -1  -2  -2  -1  -1  -3  -1  -2  -2  -1  -2  -8
*  -8  -8  -8  -8  -8  -8  -8  -8  -8  -8  -8  -8  -8  -8  -8  -8  -8  -8  -8  -8  -8  -8  -8   1
