#  KAPO950101
#  (Kapp et al., 1995)
#  LIT:2124159 PMID:8535255
#  Kapp, O.H., Moens, L., Vanfleteren, J., Trotman, C.N., Suzuki, T. and
#  Vinogradov, S.N.
#  Alignment of 700 globin sequences: extent of amino acid substitution and its
#  correlation with variation in volume
#  Protein Science 4, 2179-2190 (1995)
#  rows = ARNDCQEGHILKMFPSTWYV, cols = ARNDCQEGHILKMFPSTWYV
    A   R   N   D   C   Q   E   G   H   I   L   K   M   F   P   S   T   W   Y   V   B   Z   X   *
A   3  -1  -1   0   2  -1   0   1  -5  -1  -3  -1  -2  -4  -1   1   0  -6  -2  -1  -1  -1  -1 -12
R  -1   7  -1   0  -3   1   0  -2  -3  -3  -4   2  -2  -6  -2  -1   1  -6  -3  -3  -1   0  -1 -12
N  -1  -1   6   2  -3   0   1   0   0  -2  -4  -1  -3  -5  -3   2   1  -7   1  -2   4   1  -1 -12
D   0   0   2   5  -3   2   3   0  -1  -3  -4   0  -2  -6   1   0   0  -6  -2  -2   3   3  -1 -12
C   2  -3  -3  -3   9  -3  -4  -2  -3   2  -2  -6   1  -3  -9  -1  -2  -6  -1   2  -3  -4  -2 -12
Q  -1   1   0   2  -3  52   1  -1   2  -2  -3   2   0  -5   0  -1  -1  -1  -3  -2   1  26   2 -12
E   0   0   1   3  -4   1   5   1  -2  -2  -5   0  -2  -6   0  -1   0  -2  -4  -2   2   3  -1 -12
G   1  -2   0   0  -2  -1   1   5  -4  -3  -5  -2  -2  -6  -1   1   0  -7  -3  -3   0   0  -2 -12
H  -5  -3   0  -1  -3   2  -2  -4   8  -4  -6  -2  -5  -5  -4  -3  -2 -12   1  -4   0   0  -3 -12
I  -1  -3  -2  -3   2  -2  -2  -3  -4   4   2  -3   2   0  -6  -3  -1  -5  -1   2  -3  -2  -1 -12
L  -3  -4  -4  -4  -2  -3  -5  -5  -6   2   4  -4   3   1  -7  -4  -3  -3   0   0  -4  -4  -2 -12
K  -1   2  -1   0  -6   2   0  -2  -2  -3  -4   5  -2  -6  -1  -1  -1  -7  -3  -3   0   1  -2 -12
M  -2  -2  -3  -2   1   0  -2  -2  -5   2   3  -2   5   1  -5  -3  -1   0   1   0  -3  -1  -1 -12
F  -4  -6  -5  -6  -3  -5  -6  -6  -5   0   1  -6   1   6 -10  -6  -4   1   3  -1  -5  -5  -3 -12
P  -1  -2  -3   1  -9   0   0  -1  -4  -6  -7  -1  -5 -10   9   0  -2  -6  -8  -5  -1   0  -3 -12
S   1  -1   2   0  -1  -1  -1   1  -3  -3  -4  -1  -3  -6   0   5   1  -6  -3  -2   1  -1  -1 -12
T   0   1   1   0  -2  -1   0   0  -2  -1  -3  -1  -1  -4  -2   1   5  -1  -1   0   1   0   0 -12
W  -6  -6  -7  -6  -6  -1  -2  -7 -12  -5  -3  -7   0   1  -6  -6  -1  10   1  -5  -7  -2  -4 -12
Y  -2  -3   1  -2  -1  -3  -4  -3   1  -1   0  -3   1   3  -8  -3  -1   1   7  -1  -1  -3  -1 -12
V  -1  -3  -2  -2   2  -2  -2  -3  -4   2   0  -3   0  -1  -5  -2   0  -5  -1   4  -2  -2  -1 -12
B  -1  -1   4   3  -3   1   2   0   0  -3  -4   0  -3  -5  -1   1   1  -7  -1  -2   4   2  -1 -12
Z  -1   0   1   3  -4  26   3   0   0  -2  -4   1  -1  -5   0  -1   0  -2  -3  -2   2  15   0 -12
X  -1  -1  -1  -1  -2   2  -1  -2  -3  -1  -2  -2  -1  -3  -3  -1   0  -4  -1  -1  -1   0  -1 -12
* -12 -12 -12 -12 -12 -12 -12 -12 -12 -12 -12 -12 -12 -12 -12 -12 -12 -12 -12 -12 -12 -12 -12   1
