#  KOLA920101
#  Conformational similarity weight matrix (Kolaskar-Kulkarni-Kale, 1992)
#  LIT:1806109 PMID:1538389
#  Kolaskar, A.S. and Kulkarni-Kale, U.
#  Sequence alignment approach to pick up conformationally similar
#  protein fragments
#  J. Mol. Biol. 223, 1053-1061 (1992)
#  rows = ARNDCQEGHILKMFPSTWYV, cols = ARNDCQEGHILKMFPSTWYV
    A   R   N   D   C   Q   E   G   H   I   L   K   M   F   P   S   T   W   Y   V   B   Z   X   *
A   8   4  -5  -5  -5   4   7  -5  -5  -5   2   4   2  -5  -5  -5  -5  -5  -5  -5  -5   5  -2  -5
R   4   8  -5  -5  -5   7   4  -5   2  -5   4   7   7   7  -5   2   2   4   2  -5  -5   5   1  -5
N  -5  -5   8   7  -5  -5  -5  -5   2  -5  -5  -5  -5  -5  -5   4  -5  -5  -5  -5   8  -5  -3  -5
D  -5  -5   7   8  -5  -5  -5  -5   4  -5  -5   2  -5  -5  -5   4  -5  -5  -5  -5   8  -5  -2  -5
C  -5  -5  -5  -5   8  -5  -5  -5   7  -5  -5  -5  -5   2  -5   7   4   2   2  -5  -5  -5  -2  -5
Q   4   7  -5  -5  -5   8   4  -5   2  -5   7   7   2   4  -5  -5   2   2   2  -5  -5   6   0  -5
E   7   4  -5  -5  -5   4   8  -5  -5  -5   2   7  -5  -5  -5  -5  -5  -5  -5  -5  -5   6  -2  -5
G  -5  -5  -5  -5  -5  -5  -5   8  -5  -5  -5  -5  -5  -5  -5  -5  -5  -5  -5  -5  -5  -5  -4  -5
H  -5   2   2   4   7   2  -5  -5   8  -5  -5  -5  -5   2  -5   7   2   2   4  -5   3  -2   0  -5
I  -5  -5  -5  -5  -5  -5  -5  -5  -5   8  -5  -5  -5  -5  -5  -5  -5  -5  -5   7  -5  -5  -4  -5
L   2   4  -5  -5  -5   7   2  -5  -5  -5   8   7   4   2  -5  -5  -5   2  -5  -5  -5   4  -1  -5
K   4   7  -5   2  -5   7   7  -5  -5  -5   7   8   2   2  -5   2   2  -5  -5  -5  -2   7   0  -5
M   2   7  -5  -5  -5   2  -5  -5  -5  -5   4   2   8   4  -5  -5  -5   4  -5  -5  -5  -2  -1  -5
F  -5   7  -5  -5   2   4  -5  -5   2  -5   2   2   4   8  -5   2   2   7   7  -5  -5  -1   0  -5
P  -5  -5  -5  -5  -5  -5  -5  -5  -5  -5  -5  -5  -5  -5   8  -5  -5  -5  -5  -5  -5  -5  -4  -5
S  -5   2   4   4   7  -5  -5  -5   7  -5  -5   2  -5   2  -5   8   4   2   4  -5   4  -5   0  -5
T  -5   2  -5  -5   4   2  -5  -5   2  -5  -5   2  -5   2  -5   4   8   2   7  -5  -5  -2  -1  -5
W  -5   4  -5  -5   2   2  -5  -5   2  -5   2  -5   4   7  -5   2   2   8   2  -5  -5  -2  -1  -5
Y  -5   2  -5  -5   2   2  -5  -5   4  -5  -5  -5  -5   7  -5   4   7   2   8  -5  -5  -2  -1  -5
V  -5  -5  -5  -5  -5  -5  -5  -5  -5   7  -5  -5  -5  -5  -5  -5  -5  -5  -5   8  -5  -5  -4  -5
B  -5  -5   8   8  -5  -5  -5  -5   3  -5  -5  -2  -5  -5  -5   4  -5  -5  -5  -5   8  -5  -3  -5
Z   5   5  -5  -5  -5   6   6  -5  -2  -5   4   7  -2  -1  -5  -5  -2  -2  -2  -5  -5   6  -1  -5
X  -2   1  -3  -2  -2   0  -2  -4   0  -4  -1   0  -1   0  -4   0  -1  -1  -1  -4  -3  -1  -1  -5
*  -5  -5  -5  -5  -5  -5  -5  -5  -5  -5  -5  -5  -5  -5  -5  -5  -5  -5  -5  -5  -5  -5  -5   1
