#  LUTR910108
#  Structure-based comparison table for alpha helix class (Luthy et al., 1991)
#  LIT:1712085 PMID:1881879
#  Luthy, R., McLachlan, A.D. and Eisenberg, D.
#  Secondary structure-based profiles: Use of structure-conserving scoring
#  tables in searching protein sequence databases for structural similarities
#  Proteins 10, 229-239 (1991)
#  rows = ARNDCQEGHILKMFPSTWYV, cols = ARNDCQEGHILKMFPSTWYV
    A   R   N   D   C   Q   E   G   H   I   L   K   M   F   P   S   T   W   Y   V   B   Z   X   *
A   4  -1  -1  -1   0  -1  -1   0  -2  -2  -5  -2  -2  -6  -1   0   0 -11  -5  -2  -1  -1  -2 -11
R  -1   4   0   0  -1   0   0   0   0  -2  -3   1  -1  -6   0   0   0  -7  -3  -2   0   0  -1 -11
N  -1   0   2   1  -1   0   0   1   0  -2  -4   0  -2  -6   0   0   0  -9  -2  -3   2   0  -1 -11
D  -1   0   1   6  -2   1   2   0   0  -3  -6   0  -3  -6   0   0   0  -9  -3  -3   3   1  -1 -11
C   0  -1  -1  -2  11  -1  -2   0  -2   0  -3  -2   0  -2  -1   1   1  -4  -3   0  -1  -1   0 -11
Q  -1   0   0   1  -1   2   1   0   0  -2  -4   0  -1  -5   0   0   0  -5  -3  -2   0   1  -1 -11
E  -1   0   0   2  -2   1   4   0  -1  -3  -5   0  -2  -7   1   0   0  -9  -4  -3   1   3  -1 -11
G   0   0   1   0   0   0   0   8  -1  -3  -5  -1  -2  -7   0   1   0 -11  -4  -3   0   0  -1 -11
H  -2   0   0   0  -2   0  -1  -1  11  -3  -4  -1  -2  -4  -2  -1  -1  -5   0  -4   0   0  -1 -11
I  -2  -2  -2  -3   0  -2  -3  -3  -3   8   1  -3   2   0  -2  -2  -1  -6  -3   2  -3  -3  -1 -11
L  -5  -3  -4  -6  -3  -4  -5  -5  -4   1   9  -6   1   0  -6  -4  -3  -6  -3  -2  -5  -4  -3 -11
K  -2   1   0   0  -2   0   0  -1  -1  -3  -6   7  -3  -9  -1  -1  -1 -11  -5  -4   0   0  -2 -11
M  -2  -1  -2  -3   0  -1  -2  -2  -2   2   1  -3   8   1  -3  -2  -1  -3  -3   1  -2  -2  -1 -11
F  -6  -6  -6  -6  -2  -5  -7  -7  -4   0   0  -9   1  19  -7  -6  -5   4   7  -3  -6  -6  -2 -11
P  -1   0   0   0  -1   0   1   0  -2  -2  -6  -1  -3  -7  13   1  -1 -11  -3  -2   0   0  -1 -11
S   0   0   0   0   1   0   0   1  -1  -2  -4  -1  -2  -6   1   3   0 -10  -4  -2   0   0  -1 -11
T   0   0   0   0   1   0   0   0  -1  -1  -3  -1  -1  -5  -1   0   2  -6  -4  -1   0   0  -1 -11
W -11  -7  -9  -9  -4  -5  -9 -11  -5  -6  -6 -11  -3   4 -11 -10  -6  36   7  -5  -9  -7  -4 -11
Y  -5  -3  -2  -3  -3  -3  -4  -4   0  -3  -3  -5  -3   7  -3  -4  -4   7  21  -5  -3  -3  -1 -11
V  -2  -2  -3  -3   0  -2  -3  -3  -4   2  -2  -4   1  -3  -2  -2  -1  -5  -5   8  -3  -2  -2 -11
B  -1   0   2   3  -1   0   1   0   0  -3  -5   0  -2  -6   0   0   0  -9  -3  -3   2   1  -1 -11
Z  -1   0   0   1  -1   1   3   0   0  -3  -4   0  -2  -6   0   0   0  -7  -3  -2   1   2  -1 -11
X  -2  -1  -1  -1   0  -1  -1  -1  -1  -1  -3  -2  -1  -2  -1  -1  -1  -4  -1  -2  -1  -1  -2 -11
* -11 -11 -11 -11 -11 -11 -11 -11 -11 -11 -11 -11 -11 -11 -11 -11 -11 -11 -11 -11 -11 -11 -11   1
