#  MEHP950102
#  (Mehta et al., 1995)
#  LIT:2213135 PMID:8580842
#  Mehta, P.K., Heringa, J. and Argos, P.
#  A simple and fast approach to prediction of protein secondary structure from
#  multiply aligned sequences with accuracy above 70%
#  Protein Science 4, 2517-2525 (1995)
#  rows = ARNDCQEGHILKMFPSTWYV, cols = ARNDCQEGHILKMFPSTWYV
    A   R   N   D   C   Q   E   G   H   I   L   K   M   F   P   S   T   W   Y   V   B   Z   X   *
A  -7  -6  -8 -11  -7  -8  -9  -5  -6   1  -2  -9  -2   2  -6  -6  -2   2   3   0  -9  -9  -4 -11
R  -6  -4  -4  -9  -5  -5  -5  -5  -3   3   0  -5   1   4  -1  -2   0   5   4   0  -7  -5  -2 -11
N  -8  -4  -6  -8  -7  -8  -7  -8  -6   1  -2  -7  -3   1  -3  -5  -2  -3   0   0  -7  -7  -4 -11
D -11  -9  -8  -9  -9  -9 -10 -10  -8   0  -2  -9  -3   2  -7  -6  -4  -1   1  -2  -8 -10  -6 -11
C  -7  -5  -7  -9   0  -9  -8  -6  -8  -2  -5  -6  -2  -1  -9  -6  -3   8   3  -3  -8  -9  -4 -11
Q  -8  -5  -8  -9  -9  -6  -7  -6  -6   1   0  -7  -2   0  -5  -5  -1   2   1  -1  -8  -7  -4 -11
E  -9  -5  -7 -10  -8  -7  -7  -4  -6   2   1  -6  -2   2  -7  -3   1   5   5   0  -9  -7  -3 -11
G  -5  -5  -8 -10  -6  -6  -4  -2  -8   4   0  -7   2   5  -7  -3  -1   4   4   0  -9  -5  -3 -11
H  -6  -3  -6  -8  -8  -6  -6  -8  -2   4   0  -5  -2   0  -5  -5  -3   2   3   1  -7  -6  -3 -11
I   1   3   1   0  -2   1   2   4   4   5   3   1   2  10   5   4   4  14   9   7   0   1   4 -11
L  -2   0  -2  -2  -5   0   1   0   0   3   1  -2   0   4   3   0   2   6   7   6  -2   0   1 -11
K  -9  -5  -7  -9  -6  -7  -6  -7  -5   1  -2  -6  -1   1  -3  -4   0   1   2   0  -8  -7  -4 -11
M  -2   1  -3  -3  -2  -2  -2   2  -2   2   0  -1   0   3   6   2   1   6   3   3  -3  -2   0 -11
F   2   4   1   2  -1   0   2   5   0  10   4   1   3   5   0   4   5   5   6   9   1   1   3 -11
P  -6  -1  -3  -7  -9  -5  -7  -7  -5   5   3  -3   6   0  -5  -4  -3   0   5   1  -5  -6  -2 -11
S  -6  -2  -5  -6  -6  -5  -3  -3  -5   4   0  -4   2   4  -4  -2   1   6   7   3  -6  -4  -1 -11
T  -2   0  -2  -4  -3  -1   1  -1  -3   4   2   0   1   5  -3   1   2   7   8   4  -3   0   1 -11
W   2   5  -3  -1   8   2   5   4   2  14   6   1   6   5   0   6   7   3   5  12  -2   4   5 -11
Y   3   4   0   1   3   1   5   4   3   9   7   2   3   6   5   7   8   5   5  11   1   3   5 -11
V   0   0   0  -2  -3  -1   0   0   1   7   6   0   3   9   1   3   4  12  11   7  -1   0   3 -11
B  -9  -7  -7  -8  -8  -8  -9  -9  -7   0  -2  -8  -3   1  -5  -6  -3  -2   1  -1  -8  -9  -5 -11
Z  -9  -5  -7 -10  -9  -7  -7  -5  -6   1   0  -7  -2   1  -6  -4   0   4   3   0  -9  -7  -4 -11
X  -4  -2  -4  -6  -4  -4  -3  -3  -3   4   1  -4   0   3  -2  -1   1   5   5   3  -5  -4  -1 -11
* -11 -11 -11 -11 -11 -11 -11 -11 -11 -11 -11 -11 -11 -11 -11 -11 -11 -11 -11 -11 -11 -11 -11   1
