#  MIYS930101
#  Base-substitution-protein-stability matrix (Miyazawa-Jernigan, 1993)
#  LIT:1913158 PMID:8506261
#  Miyazawa, S. and Jernigan, R.L.
#  A new substitution matrix for protein sequence searches based on
#  contact frequencies in protein structures
#  Protein Engineering 6, 267-278 (1993)
#  rows = ARNDCQEGHILKMFPSTWYV, cols = ARNDCQEGHILKMFPSTWYV
    A   R   N   D   C   Q   E   G   H   I   L   K   M   F   P   S   T   W   Y   V   B   Z   X   *
A   4   0  -1   1  -5  -1   1   3  -1  -4  -4  -1  -4  -4   3   2   3  -5  -3   0   0   0  -1 -10
R   0   8   1   0  -3   2   1   3   2  -8  -7   1  -8  -7   2   1   1  -2  -2  -5   1   1  -1 -10
N  -1   1   5   3  -4   3   3   0   3  -8  -9   5  -9  -7   0   1   2  -7   2  -6   4   3  -1 -10
D   1   0   3   5  -3   2   4   2   3  -7  -7   2  -9  -6  -1  -1   0  -6   2  -3   4   3  -1 -10
C  -5  -3  -4  -3  11  -7  -6  -1  -2  -1   1  -8  -2   5  -6  -1  -6   9   5  -1  -4  -6  -1 -10
Q  -1   2   3   2  -7   6   3  -1   5  -9  -7   4  -9  -8   2  -1   0  -8   1  -6   3   5  -1 -10
E   1   1   3   4  -6   3   5   2   2  -8  -8   3  -8  -8  -1  -1   0  -6   0  -4   3   4  -1 -10
G   3   3   0   2  -1  -1   2   5  -1  -5  -5  -1  -6  -5  -1   1   0  -1  -3  -1   1   1  -1 -10
H  -1   2   3   3  -2   5   2  -1   6  -6  -4   2  -8  -4   2  -1  -1  -6   4  -5   3   3  -1 -10
I  -4  -8  -8  -7  -1  -9  -8  -5  -6   9   6 -10   8   5  -7  -6  -5  -2  -3   5  -8  -9  -3 -10
L  -4  -7  -9  -7   1  -7  -8  -5  -4   6   7 -10   6   6  -6  -6  -7   2  -2   5  -8  -7  -2 -10
K  -1   1   5   2  -8   4   3  -1   2 -10 -10   6 -10 -10  -1  -1   2  -9   0  -7   4   4  -2 -10
M  -4  -8  -9  -9  -2  -9  -8  -6  -8   8   6 -10  11   4  -8  -7  -6   1  -5   5  -9  -9  -3 -10
F  -4  -7  -7  -6   5  -8  -8  -5  -4   5   6 -10   4   7  -7  -5  -7   3   2   5  -6  -8  -2 -10
P   3   2   0  -1  -6   2  -1  -1   2  -7  -6  -1  -8  -7   7   3   3  -7  -1  -4  -1   1  -1 -10
S   2   1   1  -1  -1  -1  -1   1  -1  -6  -6  -1  -7  -5   3   6   4  -2   0  -4   0  -1  -1 -10
T   3   1   2   0  -6   0   0   0  -1  -5  -7   2  -6  -7   3   4   5  -6  -2  -4   1   0  -1 -10
W  -5  -2  -7  -6   9  -8  -6  -1  -6  -2   2  -9   1   3  -7  -2  -6  16   1  -1  -7  -7  -2 -10
Y  -3  -2   2   2   5   1   0  -3   4  -3  -2   0  -5   2  -1   0  -2   1  10  -3   2   0   0 -10
V   0  -5  -6  -3  -1  -6  -4  -1  -5   5   5  -7   5   5  -4  -4  -4  -1  -3   6  -5  -5  -1 -10
B   0   1   4   4  -4   3   3   1   3  -8  -8   4  -9  -6  -1   0   1  -7   2  -5   4   3  -1 -10
Z   0   1   3   3  -6   5   4   1   3  -9  -7   4  -9  -8   1  -1   0  -7   0  -5   3   4  -1 -10
X  -1  -1  -1  -1  -1  -1  -1  -1  -1  -3  -2  -2  -3  -2  -1  -1  -1  -2   0  -1  -1  -1  -1 -10
* -10 -10 -10 -10 -10 -10 -10 -10 -10 -10 -10 -10 -10 -10 -10 -10 -10 -10 -10 -10 -10 -10 -10   1
