#  MIYT790101
#  Amino acid pair distance (Miyata et al., 1979)
#  LIT:0601606 PMID:439147
#  Miyata, T., Miyazawa, S. and Yasunaga, T.
#  Two types of amino acid substitutions in protein evolution
#  J. Mol. Evol. 12, 219-236 (1979)
#  rows = ARNDCQEGHILKMFPSTWYV, cols = ARNDCQEGHILKMFPSTWYV
    A   R   N   D   C   Q   E   G   H   I   L   K   M   F   P   S   T   W   Y   V   B   Z   X   *
A -10   3  -2   0  -4  -2   1  -6   0   2   2   3   1   4  -9  -7  -6   8   4  -2  -1   0  -1 -10
R   3 -10  -1   0   3  -5  -3   5  -6   1   1  -8   0   1   3   2  -1   2  -1   1   0  -4  -1 -10
N  -2  -1 -10  -7   2  -5  -6  -1  -4   5   5  -2   3   6  -2  -4  -4   9   5   2  -8  -6  -1 -10
D   0   0  -7 -10   5  -3  -6   0  -2   7   8  -1   6   8   0  -2  -1  11   7   5  -8  -5   1 -10
C  -4   3   2   5 -10   1   4   0   1  -3  -3   4  -3   0  -4  -2  -3   4   0  -6   4   2  -1 -10
Q  -2  -5  -5  -3   1 -10  -6   1  -8   1   2  -5   0   2  -2  -3  -5   5   1  -1  -4  -8  -2 -10
E   1  -3  -6  -6   4  -6 -10   2  -6   5   5  -5   4   5   1  -1  -2   7   4   3  -6  -8   0 -10
G  -6   5  -1   0   0   1   2 -10   2   5   6   5   4   8  -5  -6  -2  12   7   2  -1   1   1 -10
H   0  -6  -4  -2   1  -8  -6   2 -10   1   1  -6   0   1  -1  -1  -4   4   0  -1  -3  -7  -2 -10
I   2   1   5   7  -3   1   5   5   1 -10  -9   2  -8  -7   1   3  -1  -2  -6  -6   6   3  -1 -10
L   2   1   5   8  -3   2   5   6   1  -9 -10   3  -8  -7   2   3   0  -2  -6  -6   6   3  -1 -10
K   3  -8  -2  -1   4  -5  -5   5  -6   2   3 -10   1   2   3   2  -1   3   1   2  -1  -5   0 -10
M   1   0   3   6  -3   0   4   4   0  -8  -8   1 -10  -6   0   2  -2  -2  -6  -7   5   2  -2 -10
F   4   1   6   8   0   2   5   8   1  -7  -7   2  -6 -10   4   5   1  -5  -8  -4   7   4   0 -10
P  -9   3  -2   0  -4  -2   1  -5  -1   1   2   3   0   4 -10  -7  -6   8   3  -2  -1   0  -1 -10
S  -7   2  -4  -2  -2  -3  -1  -6  -1   3   3   2   2   5  -7 -10  -6   9   4  -1  -3  -2  -1 -10
T  -6  -1  -4  -1  -3  -5  -2  -2  -4  -1   0  -1  -2   1  -6  -6 -10   5   1  -4  -2  -3  -2 -10
W   8   2   9  11   4   5   7  12   4  -2  -2   3  -2  -5   8   9   5 -10  -5   1  10   6   3 -10
Y   4  -1   5   7   0   1   4   7   0  -6  -6   1  -6  -8   3   4   1  -5 -10  -3   6   2   0 -10
V  -2   1   2   5  -6  -1   3   2  -1  -6  -6   2  -7  -4  -2  -1  -4   1  -3 -10   3   1  -2 -10
B  -1   0  -8  -8   4  -4  -6  -1  -3   6   6  -1   5   7  -1  -3  -2  10   6   3  -8  -5   0 -10
Z   0  -4  -6  -5   2  -8  -8   1  -7   3   3  -5   2   4   0  -2  -3   6   2   1  -5  -8  -1 -10
X  -1  -1  -1   1  -1  -2   0   1  -2  -1  -1   0  -2   0  -1  -1  -2   3   0  -2   0  -1  -1 -10
* -10 -10 -10 -10 -10 -10 -10 -10 -10 -10 -10 -10 -10 -10 -10 -10 -10 -10 -10 -10 -10 -10 -10   1
