#
# This matrix was produced by "pam" Version 1.0.6 [28-Jul-93]
#
# PAM 130 substitution matrix, scale = ln(2)/2 = 0.346574
#
# Expected score = -1.48, Entropy = 0.895 bits
#
# Lowest score = -8, Highest score = 12
#
    A   R   N   D   C   Q   E   G   H   I   L   K   M   F   P   S   T   W   Y   V   B   Z   X   *
A   6  -3   1   1  -3   0   1   3  -2   0  -3  -2  -2  -5   3   3   3  -8  -5   1   1   0  -1 -11
R  -3  10   0  -3  -5   3  -3  -5   3  -2  -5   4   0  -6   0   0  -2   3  -6  -3  -2   0  -1 -11
N   1   0   7   4  -5   1   3   1   4  -2  -3   3  -3  -5   0   3   1  -5  -2  -3   6   2   0 -11
D   1  -3   4   9  -8   3   6   1   1  -3  -6   0  -5  -9  -2   1   0  -9  -6  -3   6   4  -2 -11
C  -3  -5  -5  -8  14  -8  -8  -5  -5  -3  -9  -8  -8  -6  -3   1  -3 -11   0  -2  -6  -8  -4 -11
Q   0   3   1   3  -8   9   4  -2   6  -3  -2   1   0  -8   1   0  -2  -8  -6  -3   2   6  -1 -11
E   1  -3   3   6  -8   4   9   0   1  -2  -5   0  -3  -8  -2   0   0 -11  -6  -3   4   6  -1 -11
G   3  -5   1   1  -5  -2   0   9  -3  -5  -6  -3  -5  -6  -2   3   0  -9  -8  -2   1  -1  -2 -11
H  -2   3   4   1  -5   6   1  -3  11  -3  -3   0  -3  -2   0  -2  -2  -3   1  -3   3   3   0 -11
I   0  -2  -2  -3  -3  -3  -2  -5  -3   9   3  -2   4   1  -3  -2   1  -8  -2   6  -3  -3  -1 -11
L  -3  -5  -3  -6  -9  -2  -5  -6  -3   3   9  -5   6   3  -3  -5  -2  -2  -2   3  -5  -3  -2 -11
K  -2   4   3   0  -8   1   0  -3   0  -2  -5   9   1  -8  -2   0   1  -6  -6  -5   1   0  -1 -11
M  -2   0  -3  -5  -8   0  -3  -5  -3   4   6   1  13   0  -3  -2   0  -6  -5   3  -4  -2  -1 -11
F  -5  -6  -5  -9  -6  -8  -8  -6  -2   1   3  -8   0  11  -6  -3  -5   0   7  -2  -7  -8  -3 -11
P   3   0   0  -2  -3   1  -2  -2   0  -3  -3  -2  -3  -6  10   3   0  -8  -8  -2  -1   0  -1 -11
S   3   0   3   1   1   0   0   3  -2  -2  -5   0  -2  -3   3   6   4  -2  -3  -2   2   0   0 -11
T   3  -2   1   0  -3  -2   0   0  -2   1  -2   1   0  -5   0   4   7  -8  -3   1   0  -1   0 -11
W  -8   3  -5  -9 -11  -8 -11  -9  -3  -8  -2  -6  -6   0  -8  -2  -8  19   0  -9  -7  -9  -5 -11
Y  -5  -6  -2  -6   0  -6  -6  -8   1  -2  -2  -6  -5   7  -8  -3  -3   0  13  -3  -4  -6  -3 -11
V   1  -3  -3  -3  -2  -3  -3  -2  -3   6   3  -5   3  -2  -2  -2   1  -9  -3   9  -3  -3  -1 -11
B   1  -2   6   6  -6   2   4   1   3  -3  -5   1  -4  -7  -1   2   0  -7  -4  -3   6   3  -1 -11
Z   0   0   2   4  -8   6   6  -1   3  -3  -3   0  -2  -8   0   0  -1  -9  -6  -3   3   6  -1 -11
X  -1  -1   0  -2  -4  -1  -1  -2   0  -1  -2  -1  -1  -3  -1   0   0  -5  -3  -1  -1  -1  -2 -11
* -11 -11 -11 -11 -11 -11 -11 -11 -11 -11 -11 -11 -11 -11 -11 -11 -11 -11 -11 -11 -11 -11 -11   1
