#  RUSR970102
#  Substitution matrix based on structural alignments of remote homolous proteins
#  (Russell et al., 1997)
#  PMID:919941
#  Russell, R.B., Saqi, M.A.S., Sayle, R.A., Bates, P.A. and Sternberg, M.J.E.
#  Recognition of analogous and homologous protein folds: Analysis of sequence and
#  structure conservation
#  Journal of Molecular Biology 269, 423-439 (1997)
#  rows = ARNDCQEGHILKMFPSTWYV, cols = ARNDCQEGHILKMFPSTWYV
    A   R   N   D   C   Q   E   G   H   I   L   K   M   F   P   S   T   W   Y   V   B   Z   X   *
A  -2  -2  -2  -3   1  -3  -2   0  -5  -2  -2   0  -2  -2  -2   1  -2  -3  -2   0  -2  -2  -1 -14
R  -2   5  -2  -2  -3   3   1  -2   1  -2  -5   8  -2  -6  -3  -2  -2   1   1  -3  -2   2  -1 -14
N  -2  -2   3   6  -2   1  -2   0   5 -14  -5   0  -6  -3   1   3   5  -2  -2  -6   5   0  -1 -14
D  -3  -2   6   6  -3   3   6   0   1 -12 -12   0 -11 -11   0   1   0  -9  -5  -6   6   5  -3 -14
C   1  -3  -2  -3  18 -11  -8  -3   0   0   1  -2   0   3  -3  -3  -5   1   5   1  -2  -9  -1 -14
Q  -3   3   1   3 -11   5   1  -2   5  -6  -9   5  -2  -5  -2   5  -5  -6   0  -3   2   3  -1 -14
E  -2   1  -2   6  -8   1   3  -3   3  -6  -5   5  -6  -9   1   0  -2  -5  -3  -5   2   2  -2 -14
G   0  -2   0   0  -3  -2  -3   8  -3  -8  -8  -2  -6 -11  -2  -2  -2  -5  -3  -5   0  -2  -3 -14
H  -5   1   5   1   0   5   3  -3  15  -8  -2   0   0  -2   0  -8   0  -2   1  -6   3   4   0 -14
I  -2  -2 -14 -12   0  -6  -6  -8  -8   0   9 -11   6   5  -5  -8  -2   3  -2   9 -13  -6  -3 -14
L  -2  -5  -5 -12   1  -9  -5  -8  -2   9   1  -8   8   5  -9  -5  -2  -2  -2   3  -8  -7  -2 -14
K   0   8   0   0  -2   5   5  -2   0 -11  -8   1  -3  -8  -2  -2   1  -5  -2  -5   0   5  -1 -14
M  -2  -2  -6 -11   0  -2  -6  -6   0   6   8  -3   3   5  -6  -5   1   3   0   3  -8  -4  -1 -14
F  -2  -6  -3 -11   3  -5  -9 -11  -2   5   5  -8   5   6  -3  -2  -5   5   9   3  -7  -7  -1 -14
P  -2  -3   1   0  -3  -2   1  -2   0  -5  -9  -2  -6  -3   9   1   0  -5  -2  -2   1   0  -2 -14
S   1  -2   3   1  -3   5   0  -2  -8  -8  -5  -2  -5  -2   1  -2   5   0  -2  -3   2   2  -1 -14
T  -2  -2   5   0  -5  -5  -2  -2   0  -2  -2   1   1  -5   0   5  -2  -8  -3  -2   2  -3  -1 -14
W  -3   1  -2  -9   1  -6  -5  -5  -2   3  -2  -5   3   5  -5   0  -8  23  11  -5  -5  -5   0 -14
Y  -2   1  -2  -5   5   0  -3  -3   1  -2  -2  -2   0   9  -2  -2  -3  11   3   0  -3  -2   0 -14
V   0  -3  -6  -6   1  -3  -5  -5  -6   9   3  -5   3   3  -2  -3  -2  -5   0  -2  -6  -4  -2 -14
B  -2  -2   5   6  -2   2   2   0   3 -13  -8   0  -8  -7   1   2   2  -5  -3  -6   5   2  -2 -14
Z  -2   2   0   5  -9   3   2  -2   4  -6  -7   5  -4  -7   0   2  -3  -5  -2  -4   2   3  -1 -14
X  -1  -1  -1  -3  -1  -1  -2  -3   0  -3  -2  -1  -1  -1  -2  -1  -1   0   0  -2  -2  -1  -1 -14
* -14 -14 -14 -14 -14 -14 -14 -14 -14 -14 -14 -14 -14 -14 -14 -14 -14 -14 -14 -14 -14 -14 -14   1
