1.999195 
-2.000301 5.999717 
-0.000710 -0.000433 2.000004 
-0.000736 -1.000277 2.000008 3.999799 
-2.000060 -3.999990 -4.000012 -4.999959 12.000065 
-0.000493 0.999849 0.999855 1.999635 -5.000023 3.999980 
-0.000856 -1.000422 0.999493 2.998898 -5.000012 1.999882 3.999610 
0.999086 -3.000151 -0.000566 0.999419 -3.000014 -1.000185 -0.000684 4.999668 
-1.000224 1.999798 1.999939 0.999888 -3.000026 2.999825 0.999763 -2.000090 5.999960 
-1.000559 -2.000291 -2.000491 -2.000544 -2.000062 -2.000173 -2.000372 -3.000431 -2.000153 4.999075 
-2.000798 -3.000462 -3.000436 -4.000507 -5.999992 -2.000403 -3.000644 -4.000388 -2.000211 1.999171 5.997025 
-1.000301 2.999681 0.999258 -0.000200 -5.000077 0.999825 -0.000493 -2.000465 -0.000148 -2.000390 -3.000517 4.999166 
-1.000070 -0.000433 -1.999996 -3.000052 -5.000018 -1.000092 -2.000150 -3.000072 -2.000002 1.999724 3.999378 -0.000234 5.999909 
-4.000047 -4.000172 -4.000112 -6.000085 -4.000008 -5.000088 -5.000110 -5.000184 -2.000057 0.999222 1.998905 -5.000062 -0.000085 8.998704 
1.000000 -0.000102 -1.000243 -1.000209 -2.999987 -0.000261 -1.000357 -1.000364 -0.000104 -2.000273 -3.000362 -1.000385 -2.000243 -5.000088 5.999666 
0.999057 -0.000428 0.999465 -0.000578 -0.000007 -1.000202 -0.000697 0.998848 -1.000205 -1.000742 -3.000426 -0.000472 -2.000535 -3.000229 0.999402 1.999340 
0.999236 -1.000231 -0.000224 -0.000293 -2.000040 -1.000237 -0.000597 -0.000582 -1.000114 -0.000866 -2.000590 -0.000554 -1.000224 -3.000030 -0.000341 0.999379 2.999672 
-5.999983 1.999798 -4.000011 -7.000051 -8.000001 -5.000019 -7.000000 -6.999999 -2.999977 -5.000052 -2.000182 -3.000077 -4.000094 -0.000122 -6.000028 -2.000132 -5.000007 17.000062 
-3.000277 -4.000017 -2.000145 -4.000052 -0.000007 -4.000014 -4.000291 -5.000056 -0.000076 -1.000215 -1.000402 -4.000118 -2.000145 6.998949 -5.000056 -3.000184 -3.000095 0.000021 9.999186 
-0.000784 -2.000198 -2.000414 -2.000465 -2.000066 -2.000332 -2.000517 -1.000551 -2.000180 3.998739 1.997564 -2.000301 1.999586 -1.000299 -1.000437 -1.000657 -0.000405 -5.999972 -2.000132 3.999328 
0.500000 11.994307 1.992142 