DE	FBP
0	0.5400	0.0000	0.1700	0.2900	w
1	0.1900	0.2550	0.1850	0.3700	N
2	0.6350	0.0000	0.3650	0.0000	A
3	0.0000	0.0000	0.0200	0.9800	T
4	0.0200	0.9800	0.0000	0.0000	C
5	0.7250	0.0200	0.1800	0.0750	A
6	0.0000	0.4750	0.0000	0.5250	Y
7	0.0700	0.1200	0.1800	0.6300	T
8	0.4250	0.2000	0.1450	0.2300	N
9	0.1700	0.1850	0.0950	0.5500	N
10	0.5000	0.1700	0.1450	0.1850	N
11	0.3150	0.1700	0.2350	0.2800	N
12	1.0000	0.0000	0.0000	0.0000	A
13	0.0000	1.0000	0.0000	0.0000	C
14	0.0000	0.0000	1.0000	0.0000	G
15	0.4150	0.0000	0.2350	0.3500	N
XX
