DE	FBP
0	0.0400	0.0000	0.0000	0.9600	t
1	0.2400	0.0000	0.4800	0.2800	n
2	0.0000	0.9650	0.0000	0.0350	C
3	0.0000	0.0000	0.0000	1.0000	T
4	1.0000	0.0000	0.0000	0.0000	A
5	0.4000	0.0000	0.0000	0.6000	W
6	0.5150	0.0000	0.0000	0.4850	W
7	0.5250	0.0000	0.0000	0.4750	W
8	0.6500	0.0000	0.0000	0.3500	A
9	0.0000	0.0000	0.0000	1.0000	T
10	1.0000	0.0000	0.0000	0.0000	A
11	0.0150	0.0000	0.9850	0.0000	G
12	0.1850	0.1800	0.0000	0.6350	T
13	1.0000	0.0000	0.0000	0.0000	A
14	0.1500	0.0000	0.8500	0.0000	G
15	0.0000	0.3150	0.0000	0.6850	T
XX
